1 0.7532307692307691 0.308871794871795 0.688923076923077 0.29815384615384627 0.6831923076923077 0.3592820512820514 0.7474999999999998 0.3700000000000001
1 0.10000000000000003 0.31 0.06250000000000004 0.31 0.06250000000000004 0.3466666666666667 0.10000000000000003 0.3466666666666667
1 0.36 0.2900000000000001 0.32 0.2900000000000001 0.32 0.3366666666666668 0.36 0.3366666666666668
1 0.1975 0.3 0.18 0.3 0.18 0.33 0.1975 0.33
1 0.05750000000000004 0.31666666666666665 3.184081677783118e-17 0.31666666666666665 3.4596272075912725e-17 0.37666666666666665 0.05750000000000004 0.37666666666666665
1 0.33 0.28666666666666674 0.3086301369863013 0.27598173515981744 0.3 0.30666666666666675 0.3213698630136987 0.31735159817351605
1 0.4292567567567568 0.31072072072072077 0.4252027027027027 0.2782882882882883 0.39844594594594596 0.2842342342342343 0.4025 0.31666666666666665
1 0.5676724137931035 0.33390804597701146 0.5564655172413793 0.29655172413793107 0.5146551724137931 0.3188505747126437 0.5258620689655173 0.3562068965517241
1 0.8775 0.2866666666666668 0.8175 0.28666666666666674 0.8175 0.34000000000000014 0.8775 0.3400000000000002
1 0.4375 0.29666666666666675 0.405 0.29666666666666675 0.405 0.33000000000000007 0.4375 0.33000000000000007
1 0.07000000000000003 0.2966666666666667 0.037500000000000026 0.2966666666666667 0.037500000000000026 0.31666666666666665 0.07000000000000003 0.31666666666666665
1 0.6225 0.32999999999999996 0.6125 0.30999999999999994 0.5980769230769231 0.3228205128205128 0.6080769230769231 0.3428205128205128
1 0.649077868852459 0.28352459016393455 0.6200000000000001 0.2800000000000001 0.6175 0.31666666666666676 0.6465778688524589 0.3201912568306012
1 0.245 0.2866666666666667 0.2 0.2866666666666667 0.2 0.33 0.245 0.33