0 0.9538461538461539 0.2603686635944702 0.8815384615384615 0.2603686635944702 0.8815384615384615 0.3133640552995393 0.9538461538461539 0.3133640552995393
0 0.17230769230769236 0.2903225806451613 0.09692307692307695 0.2903225806451613 0.09692307692307695 0.3686635944700461 0.17230769230769236 0.3686635944700461
0 0.38769230769230767 0.31566820276497704 0.3353846153846154 0.315668202764977 0.3353846153846154 0.359447004608295 0.38769230769230767 0.35944700460829504
0 0.46923076923076923 0.338709677419355 0.4169230769230769 0.338709677419355 0.4169230769230769 0.3686635944700462 0.46923076923076923 0.3686635944700462
0 0.7538461538461538 0.33410138248847937 0.7 0.33410138248847937 0.7 0.3778801843317974 0.7538461538461538 0.3778801843317974
0 0.2753846153846154 0.33640552995391704 0.21846153846153846 0.33640552995391704 0.21846153846153846 0.3870967741935484 0.2753846153846154 0.3870967741935484
0 0.6246153846153846 0.338709677419355 0.58 0.338709677419355 0.58 0.3847926267281107 0.6246153846153846 0.3847926267281107
2 0.9707692307692307 0.35714285714285726 0.8738461538461538 0.35714285714285726 0.8738461538461538 0.5368663594470048 0.9707692307692307 0.5368663594470048
2 0.48307692307692307 0.39861751152073743 0.4015384615384615 0.39861751152073743 0.4015384615384615 0.5207373271889402 0.48307692307692307 0.5207373271889402
2 0.3784615384615385 0.3824884792626729 0.3046153846153846 0.3824884792626728 0.3046153846153847 0.5391705069124425 0.37846153846153857 0.5391705069124425
2 0.7830769230769231 0.4078341013824886 0.6846153846153846 0.4078341013824886 0.6846153846153846 0.5184331797235024 0.7830769230769231 0.5184331797235024
2 0.64 0.4055299539170508 0.5615384615384615 0.4055299539170508 0.5615384615384615 0.523041474654378 0.64 0.523041474654378
2 0.1830769230769231 0.4009216589861751 0.08153846153846156 0.4009216589861751 0.08153846153846157 0.5967741935483871 0.1830769230769231 0.5967741935483871
2 0.3076923076923077 0.41705069124423966 0.2076923076923077 0.41705069124423966 0.20769230769230773 0.5875576036866359 0.30769230769230776 0.5875576036866359
3 0.9784615384615385 0.25576036866359464 0.8569230769230769 0.2557603686635946 0.8569230769230769 0.7788018433179726 0.9784615384615385 0.7788018433179726
3 0.48307692307692307 0.33410138248847937 0.3953846153846154 0.33410138248847937 0.3953846153846154 0.7350230414746544 0.48307692307692307 0.7350230414746544
3 0.6415384615384615 0.32488479262672826 0.5661538461538461 0.32488479262672826 0.5661538461538461 0.7488479262672811 0.6415384615384615 0.7488479262672811
3 0.7953846153846154 0.3294930875576038 0.6815384615384615 0.3294930875576038 0.6815384615384615 0.7649769585253458 0.7953846153846154 0.7649769585253459
3 0.3815384615384616 0.3018433179723503 0.30153846153846153 0.30184331797235026 0.3015384615384616 0.8018433179723502 0.3815384615384616 0.8018433179723502
3 0.2830769230769231 0.3225806451612903 0.2076923076923077 0.3225806451612903 0.20769230769230773 0.8410138248847926 0.28307692307692317 0.8410138248847926
3 0.18615384615384623 0.28571428571428575 0.07230769230769232 0.2857142857142857 0.07230769230769235 0.8824884792626728 0.18615384615384625 0.8824884792626728