4 0.5227272727272727 0.20309050772626938 0.4075757575757576 0.20309050772626938 0.4075757575757576 0.5165562913907286 0.5227272727272727 0.5165562913907286
4 0.9772727272727273 0.22075055187637985 0.8015151515151515 0.22075055187637982 0.8015151515151515 0.5077262693156734 0.9772727272727273 0.5077262693156734
4 0.8045454545454546 0.2693156732891833 0.7045454545454546 0.2693156732891833 0.7045454545454546 0.48565121412803547 0.8045454545454546 0.48565121412803547
4 0.22878787878787882 0.2582781456953643 0.06969696969696972 0.2582781456953642 0.06969696969696973 0.5452538631346578 0.22878787878787887 0.5452538631346578
3 0.293939393939394 0.08830022075055191 0.05303030303030303 0.08830022075055188 0.05303030303030307 0.9094922737306843 0.293939393939394 0.9094922737306843
3 1 0.015452538631346732 0.6984848484848485 0.015452538631346704 0.6984848484848485 0.9823399558498898 1 0.9823399558498899
3 0.5772727272727273 0.059602649006622606 0.36515151515151517 0.05960264900662258 0.36515151515151517 0.9426048565121413 0.5772727272727273 0.9426048565121413
0 0.8121212121212121 0.022075055187638106 0.7303030303030303 0.022075055187638103 0.7303030303030303 0.11258278145695379 0.8121212121212121 0.1125827814569538
0 0.556060606060606 0.0618101545253864 0.4681818181818182 0.06181015452538639 0.4681818181818182 0.19867549668874182 0.556060606060606 0.19867549668874185
0 0.1984848484848485 0.0971302428256071 0.10454545454545454 0.0971302428256071 0.10454545454545454 0.20088300220750555 0.1984848484848485 0.20088300220750557
0 0.8075757575757576 0.1037527593818986 0.7015151515151515 0.10375275938189858 0.7015151515151515 0.2428256070640178 0.8075757575757576 0.2428256070640178