0 0.2466666666666667 0.5228915662650603 0.19000000000000006 0.5228915662650603 0.19000000000000006 0.5783132530120482 0.24666666666666676 0.5783132530120482
0 0.5333333333333333 0.5397590361445784 0.495 0.5397590361445784 0.495 0.5855421686746989 0.5333333333333333 0.5855421686746989
0 0.34666666666666673 0.5590361445783133 0.31333333333333335 0.5590361445783133 0.3133333333333334 0.6216867469879518 0.34666666666666673 0.6216867469879518
0 0.7116666666666667 0.5686746987951808 0.6633333333333333 0.5686746987951808 0.6633333333333333 0.6433734939759036 0.7116666666666667 0.6433734939759036
0 0.47 0.5759036144578314 0.39833333333333343 0.5759036144578314 0.39833333333333343 0.655421686746988 0.47 0.655421686746988
4 0.3600000000000001 0.6289156626506024 0.2950000000000001 0.6289156626506024 0.2950000000000001 0.744578313253012 0.3600000000000001 0.744578313253012
3 0.7283333333333334 0.549397590361446 0.565 0.549397590361446 0.565 0.8313253012048193 0.7283333333333334 0.8313253012048193
4 0.6816666666666666 0.6433734939759036 0.615 0.6433734939759036 0.615 0.7710843373493976 0.6816666666666666 0.7710843373493976
4 0.24666666666666676 0.6265060240963856 0.17333333333333337 0.6265060240963856 0.17333333333333337 0.7903614457831325 0.24666666666666676 0.7903614457831325
3 0.5366666666666666 0.5373493975903616 0.475 0.5373493975903616 0.475 0.891566265060241 0.5366666666666666 0.891566265060241
4 0.485 0.691566265060241 0.43166666666666664 0.691566265060241 0.43166666666666664 0.7783132530120482 0.485 0.7783132530120482
3 0.3733333333333334 0.5421686746987951 0.27 0.5421686746987951 0.2700000000000001 0.9373493975903614 0.3733333333333334 0.9373493975903614
3 0.26000000000000006 0.5228915662650603 0.1566666666666667 0.5228915662650603 0.15666666666666673 0.9759036144578314 0.2600000000000001 0.9759036144578314
3 0.455 0.5855421686746989 0.36166666666666675 0.5855421686746988 0.36166666666666675 0.9710843373493976 0.455 0.9710843373493976