0 0.83 0.37620578778135066 0.7966666666666666 0.37620578778135066 0.7966666666666666 0.44372990353697767 0.83 0.44372990353697767
0 0.7283333333333334 0.379421221864952 0.695 0.379421221864952 0.695 0.46623794212218667 0.7283333333333334 0.46623794212218667
0 0.31 0.39871382636655955 0.26 0.39871382636655955 0.26 0.4919614147909968 0.31 0.4919614147909968
0 0.485 0.4083601286173634 0.44166666666666665 0.4083601286173634 0.44166666666666665 0.5176848874598072 0.485 0.5176848874598072
2 0.8233333333333334 0.46623794212218667 0.76 0.46623794212218667 0.76 0.6237942122186497 0.8233333333333334 0.6237942122186497
2 0.715 0.47588424437299054 0.655 0.47588424437299054 0.655 0.6205787781350484 0.715 0.6205787781350484
3 0.8333333333333334 0.3697749196141481 0.7416666666666667 0.3697749196141481 0.7416666666666667 0.762057877813505 0.8333333333333334 0.762057877813505
2 0.32166666666666666 0.5112540192926045 0.25 0.5112540192926045 0.25 0.6463022508038585 0.32166666666666666 0.6463022508038585
3 0.7283333333333334 0.39549839228295836 0.635 0.39549839228295836 0.635 0.8006430868167205 0.7283333333333334 0.8006430868167205
0 0.34500000000000003 0.38906752411575574 0.23833333333333334 0.38906752411575574 0.23833333333333337 0.8327974276527331 0.3450000000000001 0.8327974276527331
2 0.515 0.5562700964630227 0.45166666666666666 0.5562700964630227 0.45166666666666666 0.6784565916398716 0.515 0.6784565916398716
3 0.5283333333333333 0.40192926045016086 0.42833333333333334 0.40192926045016086 0.42833333333333334 0.8360128617363344 0.5283333333333333 0.8360128617363344
3 0.09833333333333337 0.5305466237942122 0.031666666666666704 0.5305466237942122 0.03166666666666671 0.7684887459807074 0.09833333333333338 0.7684887459807074