0 0.49 0.19148936170212771 0.365 0.19148936170212771 0.365 0.3167848699763594 0.49 0.31678486997635946
0 0.805 0.2080378250591018 0.7133333333333334 0.2080378250591018 0.7133333333333334 0.3002364066193855 0.805 0.3002364066193855
0 0.295 0.2009456264775414 0.175 0.20094562647754138 0.17500000000000002 0.30969267139479906 0.295 0.30969267139479906
0 0.91 0.26241134751773065 0.825 0.26241134751773065 0.825 0.3546099290780143 0.91 0.3546099290780143
0 0.6666666666666666 0.27423167848699775 0.5816666666666667 0.27423167848699775 0.5816666666666667 0.36643026004728146 0.6666666666666666 0.36643026004728146
2 0.81 0.3711583924349883 0.7316666666666667 0.3711583924349883 0.7316666666666667 0.6548463356973997 0.81 0.6548463356973998
2 0.2933333333333334 0.3380614657210402 0.12000000000000005 0.3380614657210402 0.12000000000000005 0.6926713947990544 0.29333333333333345 0.6926713947990544
2 0.9083333333333333 0.4018912529550829 0.8283333333333334 0.4018912529550829 0.8283333333333334 0.6430260047281326 0.9083333333333333 0.6430260047281326
3 0.5483333333333333 0.18439716312056745 0.31166666666666665 0.18439716312056745 0.3116666666666667 1 0.5483333333333333 1
3 0.29500000000000004 0.19621749408983455 0.11166666666666666 0.19621749408983452 0.11166666666666672 1 0.2950000000000001 1
2 0.7283333333333334 0.41371158392435003 0.5633333333333334 0.41371158392435003 0.5633333333333334 0.789598108747045 0.7283333333333334 0.789598108747045
3 0.8233333333333334 0.2174940898345155 0.69 0.2174940898345155 0.69 1.0000000000000002 0.8233333333333334 1.0000000000000002
2 0.54 0.39007092198581567 0.3283333333333333 0.3900709219858156 0.32833333333333337 0.8652482269503546 0.54 0.8652482269503546
3 0.9233333333333333 0.25531914893617036 0.82 0.25531914893617036 0.82 1.0000000000000002 0.9233333333333333 1.0000000000000002
3 0.7416666666666667 0.28605200945626486 0.5533333333333333 0.28605200945626486 0.5533333333333333 1 0.7416666666666667 1