0 0.66015625 0.3426598837209303 0.61669921875 0.3426598837209303 0.61669921875 0.38989825581395365 0.66015625 0.38989825581395365
0 0.663818359375 0.4491279069767444 0.616455078125 0.4491279069767444 0.616455078125 0.5003633720930234 0.663818359375 0.5003633720930234
0 0.481201171875 0.47056686046511637 0.43603515625 0.47056686046511625 0.43603515625 0.5159883720930233 0.481201171875 0.5159883720930234
0 0.7451171875 0.47892441860465135 0.70263671875 0.47892441860465135 0.70263671875 0.5257994186046513 0.7451171875 0.5257994186046513
0 0.58544921875 0.47892441860465135 0.536376953125 0.47892441860465135 0.536376953125 0.5272529069767443 0.58544921875 0.5272529069767443
0 0.385498046875 0.4789244186046512 0.335693359375 0.4789244186046512 0.335693359375 0.534156976744186 0.385498046875 0.534156976744186
0 0.80908203125 0.48764534883720945 0.772705078125 0.48764534883720945 0.772705078125 0.5330668604651164 0.80908203125 0.5330668604651164
0 0.14868164062500006 0.4876453488372093 0.10083007812500003 0.4876453488372093 0.10083007812500004 0.5563226744186046 0.14868164062500006 0.5563226744186046
0 0.284423828125 0.5388808139534884 0.24121093750000006 0.5388808139534884 0.24121093750000006 0.5784883720930233 0.284423828125 0.5784883720930233
0 0.21826171875000006 0.5432412790697675 0.17041015625000006 0.5432412790697675 0.17041015625000006 0.6090116279069767 0.21826171875000006 0.6090116279069767
4 0.593017578125 0.5279796511627909 0.4990234375 0.5279796511627909 0.49902343750000006 0.7245639534883722 0.593017578125 0.7245639534883722
4 0.679931640625 0.5218023255813955 0.587890625 0.5218023255813955 0.587890625 0.7321947674418606 0.679931640625 0.7321947674418606
4 0.76025390625 0.5301598837209304 0.673828125 0.5301598837209304 0.673828125 0.7249273255813955 0.76025390625 0.7249273255813955
4 0.16113281250000006 0.5621366279069767 0.05932617187500004 0.5621366279069767 0.05932617187500005 0.7474563953488372 0.16113281250000006 0.7474563953488372
4 0.49365234375000006 0.5559593023255814 0.407470703125 0.5559593023255814 0.40747070312500006 0.7590843023255814 0.4936523437500001 0.7590843023255814
4 0.83984375 0.5559593023255816 0.758544921875 0.5559593023255816 0.758544921875 0.7648982558139535 0.83984375 0.7648982558139535
4 0.40576171875000006 0.5686773255813954 0.315673828125 0.5686773255813954 0.31567382812500006 0.7732558139534884 0.4057617187500001 0.7732558139534884
3 0.677978515625 0.4491279069767444 0.5849609375 0.4491279069767444 0.5849609375 0.9265988372093024 0.677978515625 0.9265988372093024
4 0.30151367187500006 0.6006540697674418 0.22680664062500006 0.6006540697674418 0.22680664062500006 0.7903343023255814 0.3015136718750001 0.7903343023255814
3 0.77294921875 0.4578488372093025 0.68115234375 0.4578488372093025 0.68115234375 0.9353197674418605 0.77294921875 0.9353197674418605
3 0.50439453125 0.46002906976744196 0.410400390625 0.46002906976744184 0.41040039062500006 0.9440406976744186 0.50439453125 0.9440406976744186
3 0.85302734375 0.4811046511627909 0.754150390625 0.4811046511627909 0.754150390625 0.9251453488372093 0.85302734375 0.9251453488372093
4 0.22509765625000006 0.6133720930232558 0.14672851562500006 0.6133720930232558 0.14672851562500006 0.8001453488372093 0.22509765625000006 0.8001453488372093
3 0.58935546875 0.4683866279069769 0.497802734375 0.4683866279069769 0.49780273437500006 0.9538517441860465 0.58935546875 0.9538517441860465
3 0.41040039062500006 0.4789244186046512 0.315673828125 0.4789244186046512 0.31567382812500006 0.9578488372093024 0.4104003906250001 0.9578488372093024
3 0.16210937500000006 0.4811046511627907 0.05786132812500004 0.4811046511627907 0.05786132812500006 0.9563953488372093 0.16210937500000006 0.9563953488372093
3 0.31591796875000006 0.5279796511627907 0.22412109375000006 0.5279796511627907 0.22412109375000006 0.9505813953488372 0.3159179687500001 0.9505813953488372
3 0.22241210937500006 0.5432412790697675 0.15966796875000006 0.5432412790697675 0.15966796875000006 0.9411337209302325 0.22241210937500006 0.9411337209302325
0 0.58447265625 0.09520348837209312 0.53564453125 0.09520348837209311 0.53564453125 0.15515988372093034 0.58447265625 0.15515988372093037
0 0.49365234375 0.1166424418604652 0.45556640625 0.1166424418604652 0.45556640625 0.16533430232558147 0.49365234375 0.16533430232558147
4 0.599609375 0.15915697674418616 0.510498046875 0.15915697674418613 0.510498046875 0.33393895348837216 0.599609375 0.33393895348837216
4 0.521240234375 0.1805959302325582 0.423095703125 0.1805959302325582 0.423095703125 0.3412063953488373 0.521240234375 0.3412063953488373
3 0.510986328125 0.11228197674418613 0.42041015625 0.11228197674418613 0.42041015625 0.4930959302325582 0.510986328125 0.4930959302325583
3 0.614013671875 0.0995639534883722 0.513427734375 0.09956395348837217 0.513427734375 0.5159883720930234 0.614013671875 0.5159883720930234