0 0.4375 0.13616398243045397 0.3662109375 0.13616398243045397 0.3662109375 0.1918008784773061 0.4375 0.1918008784773061
0 0.4951171875 0.13616398243045397 0.4345703125 0.13616398243045397 0.4345703125 0.21229868228404108 0.4951171875 0.21229868228404108
0 0.2890625 0.17130307467057104 0.2353515625 0.17130307467057104 0.2353515625 0.26207906295754035 0.2890625 0.26207906295754035
4 0.423828125 0.20937042459736466 0.3583984375 0.20937042459736466 0.3583984375 0.3733528550512446 0.423828125 0.3733528550512446
4 0.724609375 0.18301610541727684 0.6083984375 0.18301610541727684 0.6083984375 0.40263543191800893 0.724609375 0.40263543191800893
4 0.5107421875 0.21669106881405573 0.4326171875 0.21669106881405573 0.4326171875 0.396778916544656 0.5107421875 0.3967789165446561
4 0.9658203125 0.16105417276720368 0.873046875 0.16105417276720368 0.873046875 0.5065885797950221 0.9658203125 0.5065885797950221
4 0.20898437500000003 0.18887262079062958 0.053710937500000014 0.18887262079062958 0.05371093750000003 0.4816983894582723 0.20898437500000006 0.4816983894582723
3 0.7431640625 0.08638360175695474 0.5966796875 0.08638360175695471 0.5966796875 0.6720351390922403 0.7431640625 0.6720351390922403
3 0.4296875 0.14202049780380682 0.3486328125 0.14202049780380682 0.3486328125 0.6295754026354319 0.4296875 0.6295754026354319
3 0.5361328125 0.13323572474377754 0.42578125 0.13323572474377754 0.42578125 0.6632503660322109 0.5361328125 0.663250366032211
3 0.30859375 0.16398243045387997 0.2060546875 0.16398243045387997 0.20605468750000003 0.6734992679355783 0.30859375 0.6734992679355783
3 0.958984375 0.04099560761347015 0.8408203125 0.04099560761347014 0.8408203125 0.7979502196193267 0.958984375 0.7979502196193269
3 0.20117187500000003 0.07467057101024893 0.0673828125 0.07467057101024892 0.06738281250000003 0.8228404099560761 0.20117187500000006 0.8228404099560761
0 0.9638671875 0.054172767203514084 0.8818359375 0.05417276720351408 0.8818359375 0.11859443631039548 0.9638671875 0.11859443631039548
0 0.1904296875 0.07759882869692536 0.1083984375 0.07759882869692535 0.1083984375 0.1449487554904832 0.1904296875 0.1449487554904832
0 0.705078125 0.09516837481698402 0.6416015625 0.09516837481698402 0.6416015625 0.156661786237189 0.705078125 0.156661786237189