0 0.304 0.5225225225225225 0.264 0.5225225225225225 0.264 0.5705705705705706 0.304 0.5705705705705706
0 0.442 0.5255255255255256 0.406 0.5255255255255256 0.406 0.5735735735735735 0.442 0.5735735735735735
0 0.654 0.5285285285285287 0.614 0.5285285285285287 0.614 0.5765765765765768 0.654 0.5765765765765768
0 0.728 0.5315315315315317 0.68 0.5315315315315317 0.68 0.5825825825825828 0.728 0.5825825825825828
0 0.372 0.5345345345345346 0.33 0.5345345345345346 0.33 0.5825825825825826 0.372 0.5825825825825826
1 0.516 0.5465465465465467 0.474 0.5465465465465467 0.474 0.5915915915915918 0.516 0.5915915915915918
0 0.592 0.5675675675675678 0.548 0.5675675675675678 0.548 0.6246246246246248 0.592 0.6246246246246248
2 0.31400000000000006 0.5855855855855856 0.25400000000000006 0.5855855855855856 0.25400000000000006 0.7477477477477478 0.3140000000000001 0.7477477477477478
2 0.53 0.6126126126126127 0.462 0.6126126126126126 0.4620000000000001 0.7327327327327329 0.53 0.7327327327327329
2 0.4600000000000001 0.6036036036036037 0.392 0.6036036036036037 0.39200000000000007 0.7477477477477478 0.46000000000000013 0.7477477477477478
2 0.39000000000000007 0.6126126126126126 0.318 0.6126126126126126 0.31800000000000006 0.7417417417417418 0.3900000000000001 0.7417417417417418
2 0.668 0.6006006006006007 0.606 0.6006006006006007 0.606 0.753753753753754 0.668 0.753753753753754
2 0.736 0.6006006006006007 0.668 0.6006006006006007 0.668 0.7567567567567569 0.736 0.7567567567567569
2 0.608 0.6396396396396398 0.538 0.6396396396396398 0.538 0.7807807807807807 0.608 0.7807807807807807
3 0.32200000000000006 0.5225225225225225 0.24000000000000005 0.5225225225225225 0.24000000000000005 0.948948948948949 0.3220000000000001 0.948948948948949
3 0.38800000000000007 0.5285285285285285 0.326 0.5285285285285285 0.32600000000000007 0.9459459459459459 0.3880000000000001 0.9459459459459459
3 0.45600000000000007 0.5255255255255256 0.396 0.5255255255255256 0.3960000000000001 0.9519519519519519 0.4560000000000001 0.9519519519519519
3 0.74 0.5285285285285287 0.67 0.5285285285285287 0.67 0.9579579579579579 0.74 0.9579579579579579
3 0.664 0.5315315315315317 0.604 0.5315315315315317 0.604 0.960960960960961 0.664 0.960960960960961
3 0.526 0.5405405405405406 0.46 0.5405405405405406 0.4600000000000001 0.954954954954955 0.526 0.954954954954955
3 0.6 0.5765765765765768 0.534 0.5765765765765768 0.534 0.948948948948949 0.6 0.948948948948949