0 0.3896484375 0.2552083333333334 0.3291015625 0.2552083333333334 0.3291015625 0.3559027777777779 0.3896484375 0.3559027777777779
0 0.4501953125 0.27604166666666674 0.3779296875 0.27604166666666674 0.3779296875 0.388888888888889 0.4501953125 0.388888888888889
0 0.07910156250000003 0.24479166666666666 1.6862812371071954e-17 0.24479166666666666 2.302192469100249e-17 0.4236111111111111 0.07910156250000003 0.4236111111111111
0 0.591796875 0.27604166666666674 0.5205078125 0.27604166666666674 0.5205078125 0.4027777777777779 0.591796875 0.4027777777777779
0 0.2060546875 0.28125 0.1396484375 0.28125 0.1396484375 0.4010416666666667 0.2060546875 0.4010416666666667
0 0.7958984375 0.27430555555555575 0.728515625 0.27430555555555575 0.728515625 0.42013888888888906 0.7958984375 0.42013888888888906
0 0.275390625 0.33159722222222227 0.1904296875 0.3315972222222222 0.19042968750000003 0.453125 0.275390625 0.453125
2 0.62109375 0.4062500000000001 0.51953125 0.4062500000000001 0.51953125 0.6197916666666669 0.62109375 0.6197916666666669
2 0.4638671875 0.4079861111111112 0.3515625 0.4079861111111112 0.3515625 0.6788194444444445 0.4638671875 0.6788194444444446
2 0.8251953125 0.41145833333333354 0.7060546875 0.41145833333333354 0.7060546875 0.7274305555555558 0.8251953125 0.7274305555555558
3 0.11132812500000004 0.24479166666666666 1.6862812371071954e-17 0.24479166666666666 4.2874597411555287e-17 1 0.11132812500000006 1
3 0.47460937500000006 0.27256944444444453 0.3515625 0.27256944444444453 0.35156250000000006 1 0.4746093750000001 1
3 0.826171875 0.27777777777777796 0.6826171875 0.27777777777777796 0.6826171875 1 0.826171875 1
2 0.28710937500000006 0.4704861111111111 0.17285156250000006 0.4704861111111111 0.17285156250000006 0.8107638888888888 0.2871093750000001 0.8107638888888888
3 0.6376953125 0.28819444444444453 0.5048828125 0.28819444444444453 0.5048828125 1 0.6376953125 1
3 0.30078125000000006 0.33159722222222227 0.1689453125 0.3315972222222222 0.16894531250000003 1 0.3007812500000001 1
2 0.09863281250000004 0.4652777777777778 3.205130294643463e-17 0.4652777777777778 4.712019910781808e-17 0.9027777777777778 0.09863281250000006 0.9027777777777778