0 0.3563636363636364 0.3324250681198911 0.22727272727272732 0.3324250681198911 0.22727272727272732 0.4822888283378747 0.3563636363636364 0.4822888283378747
0 0.9090909090909091 0.4277929155313353 0.84 0.4277929155313353 0.84 0.5122615803814715 0.9090909090909091 0.5122615803814715
1 0.19818181818181824 0.4250681198910082 0.13090909090909095 0.4250681198910082 0.13090909090909095 0.5286103542234333 0.19818181818181824 0.5286103542234333
0 0.56 0.4441416893732972 0.49636363636363634 0.4441416893732972 0.49636363636363634 0.5258855585831064 0.56 0.5258855585831064
1 0.9709090909090909 0.4495912806539511 0.8872727272727273 0.4495912806539511 0.8872727272727273 0.5504087193460492 0.9709090909090909 0.5504087193460492
2 0.58 0.5422343324250682 0.4636363636363636 0.5422343324250682 0.4636363636363637 0.773841961852861 0.58 0.773841961852861
3 0.4672727272727273 0.3297002724795641 0.22000000000000006 0.3297002724795641 0.22000000000000008 1 0.4672727272727273 1
2 0.7490909090909091 0.5831062670299729 0.6290909090909091 0.5831062670299729 0.6290909090909091 0.8010899182561307 0.7490909090909091 0.8010899182561307
3 0.98 0.4087193460490465 0.8454545454545455 0.4087193460490465 0.8454545454545455 0.9945504087193464 0.98 0.9945504087193464
2 0.9727272727272728 0.5613079019073571 0.84 0.5613079019073571 0.84 0.8446866485013625 0.9727272727272728 0.8446866485013627
3 0.5854545454545454 0.4441416893732972 0.4618181818181818 0.4441416893732972 0.46181818181818185 1 0.5854545454545454 1
3 0.7563636363636363 0.47683923705722087 0.6054545454545455 0.47683923705722087 0.6054545454545455 0.997275204359673 0.7563636363636363 0.997275204359673
2 0.40181818181818185 0.5449591280653951 0.16181818181818186 0.5449591280653951 0.1618181818181819 1 0.4018181818181819 1