0 0.898 0.3403614457831327 0.82 0.3403614457831327 0.82 0.42771084337349413 0.898 0.42771084337349413
4 0.974 0.47590361445783147 0.834 0.47590361445783147 0.834 0.6114457831325303 0.974 0.6114457831325303
0 0.384 0.5602409638554217 0.352 0.5602409638554217 0.352 0.5993975903614458 0.384 0.5993975903614458
0 0.538 0.5783132530120484 0.514 0.5783132530120484 0.514 0.6054216867469882 0.538 0.6054216867469882
0 0.578 0.5963855421686749 0.55 0.5963855421686749 0.55 0.6265060240963857 0.578 0.6265060240963857
3 0.994 0.3493975903614459 0.696 0.34939759036144585 0.696 0.8915662650602412 0.994 0.8915662650602413
3 0.538 0.5722891566265061 0.474 0.5722891566265061 0.47400000000000003 0.7469879518072291 0.538 0.7469879518072291
3 0.39000000000000007 0.572289156626506 0.324 0.572289156626506 0.32400000000000007 0.75 0.3900000000000001 0.75
0 0.29600000000000004 0.6114457831325302 0.20400000000000007 0.6114457831325302 0.20400000000000007 0.7349397590361446 0.2960000000000001 0.7349397590361446
4 0.624 0.6204819277108435 0.576 0.6204819277108435 0.576 0.7349397590361447 0.624 0.7349397590361447
3 0.632 0.5963855421686749 0.554 0.5963855421686749 0.554 0.7801204819277109 0.632 0.7801204819277109
3 0.3360000000000001 0.5933734939759037 0.12800000000000006 0.5933734939759037 0.12800000000000006 1 0.33600000000000013 1
4 0.3060000000000001 0.7680722891566265 0.14600000000000005 0.7680722891566265 0.14600000000000005 1 0.3060000000000001 1