0 0.40836012861736337 0.45571428571428574 0.35691318327974275 0.45571428571428574 0.35691318327974275 0.49857142857142855 0.40836012861736337 0.49857142857142855
0 0.3215434083601286 0.48142857142857143 0.26795284030010724 0.48142857142857143 0.26795284030010724 0.5314285714285715 0.3215434083601286 0.5314285714285715
0 0.5712754555198285 0.47857142857142876 0.5219721329046088 0.47857142857142876 0.5219721329046088 0.5342857142857145 0.5712754555198285 0.5342857142857145
1 0.6709539121114684 0.4885714285714287 0.6291532690246516 0.4885714285714287 0.6291532690246516 0.5314285714285716 0.6709539121114684 0.5314285714285716
0 0.4962486602357985 0.5114285714285715 0.4480171489817792 0.5114285714285715 0.4480171489817792 0.5642857142857143 0.4962486602357985 0.5642857142857143
4 0.4233654876741694 0.5271428571428571 0.3322615219721329 0.5271428571428571 0.332261521972133 0.6828571428571428 0.4233654876741695 0.6828571428571428
4 0.5980707395498392 0.5571428571428573 0.5037513397642015 0.5571428571428573 0.5037513397642016 0.6685714285714287 0.5980707395498392 0.6685714285714287
4 0.6977491961414791 0.5485714285714287 0.6066452304394426 0.5485714285714287 0.6066452304394426 0.6885714285714287 0.6977491961414791 0.6885714285714287
4 0.33547695605573424 0.5614285714285714 0.23472668810289396 0.5614285714285714 0.23472668810289396 0.7371428571428571 0.3354769560557343 0.7371428571428571
4 0.504823151125402 0.5857142857142857 0.43086816720257237 0.5857142857142857 0.4308681672025724 0.7357142857142858 0.5048231511254021 0.7357142857142858
3 0.4190782422293677 0.45285714285714285 0.3215434083601286 0.45285714285714285 0.3215434083601287 0.9257142857142857 0.41907824222936774 0.9257142857142857
3 0.6002143622722401 0.48000000000000015 0.5133976420150054 0.48000000000000015 0.5133976420150054 0.9128571428571428 0.6002143622722401 0.9128571428571428
3 0.7116827438370846 0.48285714285714304 0.6055734190782422 0.48285714285714304 0.6055734190782422 0.9157142857142857 0.7116827438370846 0.9157142857142857
3 0.5069667738478029 0.5042857142857143 0.42765273311897106 0.5042857142857143 0.4276527331189711 0.9271428571428572 0.5069667738478029 0.9271428571428572
3 0.33333333333333337 0.48142857142857143 0.23365487674169352 0.48142857142857143 0.23365487674169352 0.9571428571428572 0.3333333333333335 0.9571428571428572