0 0.8583333333333336 0.75859375 0.7739583333333335 0.75859375 0.7739583333333335 0.81640625 0.8583333333333336 0.81640625
0 0.7666666666666669 0.7703125 0.7010416666666669 0.7703125 0.7010416666666669 0.81796875 0.7666666666666669 0.81796875
0 0.20520833333333346 0.78203125 0.12291666666666679 0.78203125 0.1229166666666668 0.84140625 0.20520833333333346 0.84140625
3 0.4947916666666668 0.7234375 0.27708333333333346 0.7234375 0.27708333333333346 1 0.4947916666666668 1
3 0.9312500000000002 0.75625 0.7739583333333335 0.75625 0.7739583333333335 0.996875 0.9312500000000002 0.996875
3 0.2260416666666668 0.7703125 0.08645833333333346 0.7703125 0.08645833333333348 1 0.22604166666666684 1
3 0.8218750000000002 0.7703125 0.6833333333333336 0.7703125 0.6833333333333336 1 0.8218750000000002 1
2 0.4697916666666668 0.8015625 0.27187500000000014 0.8015625 0.27187500000000014 1 0.4697916666666668 1
2 0.9156250000000002 0.83671875 0.7708333333333336 0.83671875 0.7708333333333336 1 0.9156250000000002 1
2 0.22187500000000016 0.84453125 0.07916666666666682 0.84453125 0.07916666666666683 0.99765625 0.22187500000000018 0.99765625
0 0.42604166666666676 0.725 0.3260416666666668 0.725 0.3260416666666668 0.8015625 0.42604166666666676 0.8015625