0 0.845 0.11750000000000015 0.7733333333333333 0.11750000000000015 0.7733333333333333 0.19375000000000014 0.845 0.19375000000000014
0 0.775 0.12375000000000014 0.7191666666666666 0.12375000000000014 0.7191666666666666 0.20625000000000016 0.775 0.20625000000000016
0 0.3075 0.14250000000000004 0.23 0.14250000000000004 0.23 0.23000000000000007 0.3075 0.23000000000000007
0 0.18333333333333332 0.20875 0.11083333333333334 0.20875 0.11083333333333334 0.2825 0.18333333333333332 0.2825
3 0.8158333333333333 0.11125000000000014 0.6775 0.11125000000000014 0.6775 0.6300000000000001 0.8158333333333333 0.6300000000000001
4 0.9016666666666666 0.24000000000000013 0.8108333333333333 0.24000000000000013 0.8108333333333333 0.5325000000000002 0.9016666666666666 0.5325000000000002
4 0.7741666666666667 0.24250000000000013 0.6883333333333334 0.24250000000000013 0.6883333333333334 0.5587500000000002 0.7741666666666667 0.5587500000000002
4 0.3608333333333334 0.2800000000000001 0.21916666666666668 0.2800000000000001 0.2191666666666667 0.605 0.36083333333333345 0.605
4 0.2008333333333334 0.30875 0.05666666666666669 0.30875 0.056666666666666705 0.61125 0.2008333333333334 0.61125
3 0.9133333333333333 0.10875000000000017 0.7675 0.10875000000000014 0.7675 0.9700000000000002 0.9133333333333333 0.9700000000000003
3 0.2166666666666667 0.20500000000000004 0.05666666666666669 0.205 0.05666666666666671 0.90625 0.21666666666666676 0.90625
3 0.38750000000000007 0.13625000000000007 0.21333333333333335 0.13625000000000004 0.21333333333333337 0.98375 0.3875000000000001 0.98375
0 0.6083333333333333 0.5737500000000001 0.5316666666666666 0.5737500000000001 0.5316666666666666 0.7275 0.6083333333333333 0.7275
0 0.6758333333333333 0.5987500000000001 0.6175 0.5987500000000001 0.6175 0.73375 0.6758333333333333 0.73375
4 0.8241666666666667 0.5987500000000001 0.6775 0.5987500000000001 0.6775 0.7550000000000001 0.8241666666666667 0.7550000000000003
4 0.5283333333333333 0.6237500000000001 0.39250000000000007 0.6237500000000001 0.39250000000000007 0.8025 0.5283333333333333 0.8025
3 0.6058333333333333 0.5675000000000001 0.38416666666666666 0.5675 0.3841666666666667 0.96125 0.6058333333333333 0.96125
3 0.835 0.5900000000000002 0.6108333333333333 0.5900000000000002 0.6108333333333333 0.9737500000000001 0.835 0.9737500000000003