0 0.5452003727865797 0.1359375000000001 0.5060577819198508 0.1359375000000001 0.5060577819198508 0.21093750000000008 0.5452003727865797 0.21093750000000008
0 0.6775396085740913 0.14843750000000014 0.608574091332712 0.14843750000000014 0.608574091332712 0.24531250000000013 0.6775396085740913 0.24531250000000018
4 0.41658900279589933 0.1609375000000001 0.36533084808946875 0.1609375000000001 0.36533084808946875 0.26250000000000007 0.41658900279589933 0.26250000000000007
0 0.48182665424044735 0.1765625000000001 0.412861136999068 0.1765625000000001 0.412861136999068 0.2515625000000001 0.48182665424044735 0.2515625000000001
0 0.3066169617893756 0.16718750000000004 0.23765144454799628 0.16718750000000004 0.23765144454799628 0.2734375000000001 0.3066169617893756 0.2734375000000001
4 0.3662628145386766 0.17656250000000007 0.32432432432432434 0.17656250000000004 0.32432432432432434 0.2750000000000001 0.3662628145386766 0.2750000000000001
0 0.7614165890027959 0.19218750000000015 0.684995340167754 0.19218750000000012 0.684995340167754 0.2796875000000002 0.7614165890027959 0.2796875000000002
2 0.6924510717614166 0.26406250000000014 0.5936626281453867 0.2640625000000001 0.5936626281453867 0.49531250000000016 0.6924510717614166 0.49531250000000016
2 0.48182665424044735 0.2984375000000001 0.39049394221808015 0.2984375000000001 0.39049394221808015 0.5578125 0.48182665424044735 0.5578125000000002
2 0.32898415657036345 0.31093750000000003 0.20410065237651445 0.3109375 0.20410065237651448 0.58125 0.32898415657036345 0.58125
2 0.7931034482758621 0.3609375000000002 0.6831314072693383 0.3609375000000002 0.6831314072693383 0.6390625000000002 0.7931034482758621 0.6390625000000002
3 0.5964585274930102 0.1328125000000001 0.4911463187325256 0.13281250000000008 0.4911463187325256 0.8828125 0.5964585274930102 0.8828125
3 0.7017707362534948 0.11718750000000014 0.5582479030754893 0.11718750000000014 0.5582479030754893 0.9640625 0.7017707362534948 0.9640625
3 0.51071761416589 0.17968750000000008 0.35880708294501396 0.17968750000000008 0.358807082945014 0.9359375 0.51071761416589 0.9359375
3 0.358807082945014 0.15781250000000008 0.17614165890027958 0.15781250000000005 0.1761416589002796 0.9765625 0.35880708294501407 0.9765625
3 0.8108108108108109 0.18593750000000014 0.6831314072693383 0.18593750000000014 0.6831314072693383 1 0.8108108108108109 1