0 0.8232044198895028 0.23774509803921587 0.7790055248618785 0.2377450980392158 0.7790055248618785 0.26470588235294135 0.8232044198895028 0.2647058823529414
0 0.1726519337016575 0.24019607843137258 0.0925414364640884 0.24019607843137256 0.09254143646408841 0.31862745098039214 0.1726519337016575 0.31862745098039214
0 0.6104972375690608 0.3333333333333335 0.585635359116022 0.3333333333333335 0.585635359116022 0.3651960784313727 0.6104972375690608 0.3651960784313727
0 0.457182320441989 0.34803921568627466 0.42679558011049723 0.34803921568627466 0.42679558011049723 0.3799019607843139 0.457182320441989 0.3799019607843139
0 0.5441988950276243 0.3455882352941178 0.511049723756906 0.3455882352941178 0.511049723756906 0.38235294117647073 0.5441988950276243 0.38235294117647073
0 0.494475138121547 0.3455882352941178 0.462707182320442 0.3455882352941178 0.462707182320442 0.3848039215686276 0.494475138121547 0.3848039215686276
0 0.6671270718232044 0.35294117647058837 0.638121546961326 0.35294117647058837 0.638121546961326 0.38235294117647073 0.6671270718232044 0.38235294117647073
0 0.4102209944751381 0.3455882352941178 0.3701657458563536 0.3455882352941178 0.3701657458563536 0.40441176470588247 0.4102209944751381 0.40441176470588247
4 0.8411602209944752 0.30637254901960803 0.7900552486187845 0.306372549019608 0.7900552486187845 0.4705882352941178 0.8411602209944752 0.4705882352941178
0 0.3259668508287293 0.37500000000000006 0.281767955801105 0.375 0.281767955801105 0.4264705882352942 0.3259668508287293 0.42647058823529427
0 0.2569060773480663 0.38235294117647056 0.2058011049723757 0.38235294117647056 0.2058011049723757 0.45588235294117646 0.2569060773480663 0.45588235294117646
3 0.6229281767955801 0.32107843137254916 0.5842541436464088 0.32107843137254916 0.5842541436464088 0.5490196078431374 0.6229281767955801 0.5490196078431374
3 0.6781767955801105 0.34803921568627466 0.6284530386740331 0.34803921568627466 0.6284530386740331 0.5686274509803922 0.6781767955801105 0.5686274509803922
3 0.8632596685082873 0.24019607843137272 0.7762430939226519 0.2401960784313727 0.7762430939226519 0.6960784313725493 0.8632596685082873 0.6960784313725493
4 0.5524861878453039 0.4117647058823531 0.511049723756906 0.4117647058823531 0.511049723756906 0.5318627450980393 0.5524861878453039 0.5318627450980393
3 0.5870165745856354 0.3382352941176472 0.5 0.3382352941176472 0.5 0.6446078431372549 0.5870165745856354 0.6446078431372549
4 0.4613259668508287 0.4240196078431374 0.430939226519337 0.4240196078431374 0.430939226519337 0.5637254901960785 0.4613259668508287 0.5637254901960785
4 0.40607734806629836 0.4240196078431374 0.3701657458563536 0.4240196078431374 0.3701657458563536 0.590686274509804 0.40607734806629836 0.590686274509804
3 0.4958563535911602 0.3333333333333335 0.4240331491712707 0.3333333333333335 0.4240331491712707 0.7009803921568627 0.4958563535911602 0.7009803921568627
4 0.1864640883977901 0.38235294117647056 0.09530386740331495 0.38235294117647056 0.09530386740331495 0.6544117647058824 0.18646408839779013 0.6544117647058824
3 0.2790055248618785 0.37745098039215685 0.20027624309392264 0.37745098039215685 0.2002762430939227 0.7034313725490197 0.2790055248618785 0.7034313725490197
4 0.35911602209944754 0.465686274509804 0.27348066298342544 0.46568627450980393 0.27348066298342544 0.6225490196078433 0.35911602209944754 0.6225490196078433
4 0.2679558011049724 0.47058823529411764 0.20303867403314918 0.47058823529411764 0.2030386740331492 0.6274509803921569 0.26795580110497247 0.6274509803921569
3 0.4585635359116022 0.3553921568627452 0.356353591160221 0.3553921568627452 0.356353591160221 0.7622549019607843 0.4585635359116022 0.7622549019607843
3 0.40193370165745856 0.3725490196078432 0.27486187845303867 0.37254901960784315 0.2748618784530387 0.8112745098039216 0.40193370165745856 0.8112745098039216
3 0.22651933701657462 0.22794117647058826 0.08011049723756908 0.22794117647058823 0.0801104972375691 0.9754901960784313 0.22651933701657467 0.9754901960784313