0 0.7410714285714286 0.21635883905013206 0.6696428571428571 0.21635883905013206 0.6696428571428571 0.3139841688654355 0.7410714285714286 0.3139841688654355
4 0.3035714285714286 0.2427440633245383 0.15 0.24274406332453827 0.15000000000000002 0.6411609498680739 0.30357142857142866 0.6411609498680739
4 0.7482142857142857 0.3667546174142482 0.6357142857142857 0.3667546174142482 0.6357142857142857 0.6464379947229553 0.7482142857142857 0.6464379947229553
3 0.38392857142857145 0.05013192612137208 0.09464285714285714 0.05013192612137205 0.09464285714285718 1 0.3839285714285715 1
0 0.4160714285714286 0.5408970976253299 0.3875 0.5408970976253298 0.3875 0.5804749340369394 0.4160714285714286 0.5804749340369395
0 0.4928571428571429 0.5514511873350925 0.4732142857142857 0.5514511873350925 0.4732142857142857 0.5804749340369395 0.4928571428571429 0.5804749340369395
3 0.8553571428571428 0.2137203166226914 0.5982142857142857 0.21372031662269136 0.5982142857142857 0.9366754617414249 0.8553571428571428 0.9366754617414251
4 0.42321428571428577 0.5857519788918206 0.36964285714285716 0.5857519788918206 0.3696428571428572 0.6781002638522428 0.4232142857142858 0.6781002638522428
4 0.5107142857142857 0.591029023746702 0.46785714285714286 0.591029023746702 0.46785714285714286 0.6781002638522428 0.5107142857142857 0.6781002638522428
3 0.5267857142857143 0.5461741424802112 0.45714285714285713 0.5461741424802112 0.45714285714285713 0.7572559366754618 0.5267857142857143 0.7572559366754618
3 0.4303571428571429 0.532981530343008 0.3678571428571429 0.5329815303430079 0.3678571428571429 0.7889182058047494 0.43035714285714294 0.7889182058047494
0 0.3410714285714286 0.05013192612137208 0.225 0.05013192612137207 0.225 0.22955145118733516 0.3410714285714286 0.22955145118733516