0 0.3972027972027972 0.13199105145413875 0.28251748251748254 0.13199105145413875 0.28251748251748254 0.3176733780760627 0.3972027972027972 0.3176733780760628
0 0.8937062937062937 0.25503355704698005 0.8573426573426574 0.25503355704698005 0.8573426573426574 0.31543624161073835 0.8937062937062937 0.31543624161073835
2 0.21678321678321677 0.15883668903803136 0.03356643356643357 0.15883668903803133 0.033566433566433594 0.5011185682326622 0.21678321678321677 0.5011185682326622
2 0.7538461538461538 0.25279642058165563 0.6055944055944056 0.25279642058165563 0.6055944055944056 0.5100671140939599 0.7538461538461538 0.5100671140939599
2 0.9062937062937063 0.3266219239373603 0.8265734265734266 0.3266219239373603 0.8265734265734266 0.5100671140939599 0.9062937062937063 0.5100671140939599
2 0.4727272727272727 0.2908277404921701 0.2629370629370629 0.29082774049217003 0.262937062937063 0.5727069351230425 0.4727272727272727 0.5727069351230425
3 0.9118881118881119 0.2416107382550337 0.8083916083916084 0.24161073825503368 0.8083916083916084 0.6644295302013425 0.9118881118881119 0.6644295302013425
3 0.7818181818181819 0.14093959731543637 0.6041958041958042 0.14093959731543637 0.6041958041958042 0.8232662192393737 0.7818181818181819 0.8232662192393738
3 0.2391608391608392 2.5205258505941052e-17 0.01818181818181818 3.561612614969931e-18 0.01818181818181822 0.9642058165548099 0.23916083916083924 0.9642058165548099
3 0.4951048951048951 0.13199105145413878 0.2545454545454545 0.13199105145413875 0.2545454545454546 0.9865771812080537 0.4951048951048951 0.9865771812080537
0 0.16083916083916083 0.0022371364653244043 0.033566433566433566 0.0022371364653243917 0.03356643356643357 0.15212527964205816 0.16083916083916083 0.15212527964205816
0 0.7846153846153846 0.14093959731543637 0.7272727272727273 0.14093959731543637 0.7272727272727273 0.2662192393736019 0.7846153846153846 0.2662192393736019