0 0.1625 0.16412661195779601 0.1 0.16412661195779601 0.1 0.2391559202813599 0.1625 0.2391559202813599
0 0.33671875 0.18640093786635412 0.26875 0.18640093786635412 0.26875 0.26611957796014074 0.33671875 0.26611957796014074
0 0.41015625 0.20984759671746783 0.3453125 0.20984759671746783 0.3453125 0.2919109026963658 0.41015625 0.2919109026963658
0 0.7609375 0.21570926143024632 0.68828125 0.21570926143024632 0.68828125 0.28956623681125454 0.7609375 0.28956623681125454
0 0.5203125 0.21570926143024627 0.45546875 0.21570926143024627 0.45546875 0.30246189917936706 0.5203125 0.30246189917936706
0 0.8609375 0.22039859320046906 0.77421875 0.22039859320046906 0.77421875 0.3071512309495898 0.8609375 0.3071512309495898
0 0.24609375 0.22157092614302465 0.17109375 0.22157092614302462 0.17109375000000002 0.3106682297772567 0.24609375 0.3106682297772567
0 0.6328125 0.28018757327080906 0.56484375 0.28018757327080906 0.56484375 0.3516998827667059 0.6328125 0.3516998827667059
4 0.17187500000000006 0.2977725674091442 0.07656250000000002 0.2977725674091442 0.07656250000000003 0.5076201641266119 0.17187500000000006 0.5076201641266119
4 0.765625 0.3329425556858149 0.66640625 0.3329425556858149 0.66640625 0.5169988276670576 0.765625 0.5169988276670576
4 0.5390625 0.3388042203985933 0.4515625 0.3388042203985933 0.4515625 0.5345838218053929 0.5390625 0.5345838218053929
4 0.415625 0.3446658851113717 0.33046875 0.34466588511137164 0.33046875000000003 0.5451348182883939 0.415625 0.545134818288394
4 0.89375 0.3681125439624855 0.76640625 0.3681125439624855 0.76640625 0.5662368112543964 0.89375 0.5662368112543964
4 0.27031250000000007 0.3563892145369285 0.17812500000000003 0.3563892145369285 0.17812500000000003 0.5814771395076201 0.27031250000000007 0.5814771395076201
4 0.65 0.40328253223915606 0.56484375 0.40328253223915606 0.56484375 0.6096131301289566 0.65 0.6096131301289566
3 0.18281250000000004 0.16881594372801878 0.08281250000000002 0.16881594372801875 0.08281250000000004 0.8651817116060961 0.1828125000000001 0.8651817116060961
3 0.56796875 0.23329425556858158 0.4359375 0.23329425556858155 0.4359375 0.835873388042204 0.56796875 0.835873388042204
3 0.44140625 0.21336459554513487 0.340625 0.21336459554513487 0.34062500000000007 0.8581477139507621 0.44140625 0.8581477139507621
3 0.784375 0.21570926143024632 0.6546875 0.21570926143024632 0.6546875 0.8569753810082065 0.784375 0.8569753810082066
3 0.27734375000000006 0.21336459554513484 0.15234375 0.21336459554513482 0.15234375000000006 0.8991793669402111 0.2773437500000001 0.8991793669402111
3 0.65 0.27784290738569767 0.55546875 0.27784290738569767 0.55546875 0.8933177022274326 0.65 0.8933177022274326
3 0.91953125 0.21336459554513498 0.771875 0.21336459554513496 0.771875 0.9695193434935524 0.91953125 0.9695193434935524