0 0.7412109375 0.180400890868597 0.68896484375 0.180400890868597 0.68896484375 0.2613214550853751 0.7412109375 0.2613214550853751
0 0.5517578125 0.18634001484781004 0.501953125 0.18634001484781004 0.501953125 0.25760950259836685 0.5517578125 0.25760950259836685
0 0.4892578125 0.1878247958426133 0.4423828125 0.1878247958426133 0.4423828125 0.2568671121009652 0.4892578125 0.2568671121009652
0 0.5869140625 0.19524870081662962 0.54736328125 0.19524870081662962 0.54736328125 0.25538233110616193 0.5869140625 0.25538233110616193
0 0.8583984375 0.19747587230883462 0.80859375 0.19747587230883462 0.80859375 0.28136599851521915 0.8583984375 0.28136599851521915
0 0.9267578125 0.2011878247958428 0.87451171875 0.2011878247958428 0.87451171875 0.28730512249443224 0.9267578125 0.28730512249443224
0 0.7724609375 0.20861172976985912 0.740234375 0.20861172976985912 0.740234375 0.28285077951002247 0.7724609375 0.28285077951002247
0 0.81640625 0.21380846325167055 0.77197265625 0.21380846325167055 0.77197265625 0.2954714179658502 0.81640625 0.2954714179658502
0 0.6962890625 0.22345953971789173 0.64013671875 0.2234595397178917 0.64013671875 0.29027468448403876 0.6962890625 0.29027468448403876
0 0.6357421875 0.253155159613957 0.583984375 0.253155159613957 0.583984375 0.3214550853749073 0.6357421875 0.3214550853749073
3 0.486328125 0.1878247958426133 0.42822265625 0.1878247958426133 0.42822265625 0.5515961395694136 0.486328125 0.5515961395694137
4 0.77880859375 0.29547141796585014 0.67529296875 0.29547141796585014 0.67529296875 0.5025983667409059 0.77880859375 0.5025983667409059
2 0.6015625 0.29547141796585014 0.48876953125 0.29547141796585014 0.48876953125 0.5293244246473647 0.6015625 0.5293244246473647
3 0.599609375 0.19376391982182636 0.47900390625 0.19376391982182636 0.47900390625 0.6748329621380847 0.599609375 0.6748329621380847
3 0.9658203125 0.2011878247958428 0.84521484375 0.2011878247958428 0.84521484375 0.6837416481069044 0.9658203125 0.6837416481069044
3 0.7978515625 0.19153674832962156 0.68408203125 0.19153674832962156 0.68408203125 0.7104677060133632 0.7978515625 0.7104677060133632
3 0.8447265625 0.21752041573867872 0.77734375 0.21752041573867872 0.77734375 0.7097253155159615 0.8447265625 0.7097253155159615
3 0.6962890625 0.21752041573867867 0.591796875 0.21752041573867864 0.591796875 0.7438752783964367 0.6962890625 0.7438752783964367