0 0.7481481481481481 0.2796052631578949 0.6722222222222223 0.2796052631578949 0.6722222222222223 0.3881578947368423 0.7481481481481481 0.3881578947368423
3 0.36666666666666664 0.24342105263157904 0.23333333333333334 0.24342105263157904 0.23333333333333336 0.7105263157894737 0.36666666666666664 0.7105263157894737
3 0.774074074074074 0.26644736842105277 0.6296296296296297 0.2664473684210527 0.6296296296296297 0.7598684210526317 0.774074074074074 0.7598684210526317
3 0.20740740740740743 0.07894736842105265 0.01481481481481482 0.07894736842105263 0.014814814814814852 0.9638157894736842 0.20740740740740746 0.9638157894736842
2 0.662962962962963 0.4243421052631581 0.5333333333333333 0.4243421052631581 0.5333333333333333 0.7039473684210528 0.662962962962963 0.7039473684210528
4 0.7759259259259259 0.4243421052631581 0.6407407407407407 0.4243421052631581 0.6407407407407407 0.7269736842105265 0.7759259259259259 0.7269736842105265
4 0.3592592592592593 0.4144736842105264 0.21666666666666673 0.4144736842105264 0.21666666666666673 0.7401315789473685 0.3592592592592593 0.7401315789473685
4 0.5277777777777778 0.42105263157894746 0.3907407407407407 0.42105263157894735 0.3907407407407407 0.7598684210526316 0.5277777777777778 0.7598684210526317
3 0.9944444444444445 0.20065789473684228 0.7296296296296296 0.20065789473684226 0.7296296296296296 0.9868421052631581 0.9944444444444445 0.9868421052631583
3 0.55 0.27960526315789486 0.37962962962962965 0.27960526315789486 0.3796296296296297 0.9605263157894737 0.55 0.9605263157894737
3 0.687037037037037 0.26315789473684226 0.5555555555555556 0.2631578947368422 0.5555555555555556 0.9868421052631579 0.687037037037037 0.9868421052631579
4 0.22037037037037038 0.37500000000000006 2.5853654648666345e-17 0.375 4.73983668558883e-17 1 0.2203703703703704 1
4 0.9981481481481481 0.5394736842105265 0.7722222222222223 0.5394736842105265 0.7722222222222223 0.9769736842105265 0.9981481481481481 0.9769736842105267
0 0.20925925925925926 0.08223684210526318 0.018518518518518524 0.08223684210526316 0.01851851851851853 0.27631578947368424 0.20925925925925926 0.27631578947368424
0 0.9722222222222222 0.13157894736842127 0.7574074074074074 0.13157894736842124 0.7574074074074074 0.3914473684210528 0.9722222222222222 0.3914473684210528
0 0.6388888888888888 0.25657894736842113 0.5814814814814815 0.25657894736842113 0.5814814814814815 0.3388157894736843 0.6388888888888888 0.3388157894736843
0 0.32222222222222224 0.2598684210526317 0.2537037037037037 0.2598684210526317 0.2537037037037037 0.35526315789473695 0.32222222222222224 0.35526315789473695
0 0.5037037037037037 0.2697368421052633 0.42592592592592593 0.2697368421052633 0.42592592592592593 0.3848684210526317 0.5037037037037037 0.3848684210526317