0 0.29777777777777775 0.14166666666666672 0.2611111111111111 0.14166666666666672 0.2611111111111111 0.2033333333333334 0.29777777777777775 0.2033333333333334
0 0.8811111111111111 0.15666666666666682 0.8466666666666667 0.15666666666666682 0.8466666666666667 0.19833333333333347 0.8811111111111111 0.19833333333333347
0 0.33111111111111113 0.1666666666666667 0.29444444444444445 0.1666666666666667 0.29444444444444445 0.20833333333333337 0.33111111111111113 0.20833333333333337
0 0.5266666666666666 0.1750000000000001 0.4888888888888889 0.1750000000000001 0.4888888888888889 0.21666666666666676 0.5266666666666666 0.21666666666666676
0 0.7733333333333333 0.1816666666666668 0.7366666666666667 0.1816666666666668 0.7366666666666667 0.22666666666666677 0.7733333333333333 0.22666666666666677
0 0.44666666666666666 0.18833333333333344 0.41 0.18833333333333344 0.41 0.22833333333333342 0.44666666666666666 0.22833333333333342
0 0.9655555555555555 0.19333333333333352 0.9288888888888889 0.19333333333333352 0.9288888888888889 0.23833333333333354 0.9655555555555555 0.23833333333333354
4 0.8688888888888889 0.18500000000000014 0.8188888888888889 0.18500000000000014 0.8188888888888889 0.2950000000000002 0.8688888888888889 0.2950000000000002
4 0.5144444444444445 0.22666666666666677 0.48 0.22666666666666677 0.48 0.30666666666666675 0.5144444444444445 0.30666666666666675
0 0.5633333333333334 0.23333333333333342 0.49333333333333335 0.23333333333333342 0.49333333333333335 0.3083333333333334 0.5633333333333334 0.3083333333333334
3 0.30444444444444446 0.15166666666666673 0.24666666666666667 0.15166666666666673 0.2466666666666667 0.3916666666666667 0.30444444444444446 0.3916666666666668
4 0.3477777777777778 0.21666666666666676 0.29444444444444445 0.21666666666666676 0.29444444444444445 0.32666666666666677 0.3477777777777778 0.32666666666666677
4 0.9777777777777777 0.23000000000000018 0.9233333333333333 0.23000000000000018 0.9233333333333333 0.3300000000000002 0.9777777777777777 0.3300000000000002
3 0.8844444444444445 0.16166666666666682 0.8066666666666666 0.16166666666666682 0.8066666666666666 0.40666666666666684 0.8844444444444445 0.40666666666666684
4 0.7777777777777778 0.23333333333333348 0.7111111111111111 0.23333333333333342 0.7111111111111111 0.3483333333333335 0.7777777777777778 0.34833333333333355
3 0.9877777777777778 0.1950000000000002 0.9155555555555556 0.1950000000000002 0.9155555555555556 0.38833333333333353 0.9877777777777778 0.38833333333333353
3 0.7833333333333333 0.17833333333333348 0.6944444444444444 0.17833333333333348 0.6944444444444444 0.43500000000000016 0.7833333333333333 0.43500000000000016
3 0.35444444444444445 0.1666666666666667 0.2911111111111111 0.1666666666666667 0.2911111111111111 0.45 0.35444444444444445 0.45
4 0.4533333333333333 0.24166666666666675 0.3877777777777778 0.24166666666666675 0.3877777777777778 0.3783333333333334 0.4533333333333333 0.3783333333333334
0 0.24 0.27 0.1622222222222222 0.27 0.1622222222222222 0.375 0.24 0.375
3 0.4677777777777778 0.17500000000000007 0.38222222222222224 0.17500000000000004 0.38222222222222224 0.4716666666666667 0.4677777777777778 0.4716666666666667
4 0.5877777777777777 0.3283333333333334 0.4688888888888889 0.3283333333333334 0.4688888888888889 0.5166666666666667 0.5877777777777777 0.5166666666666668
3 0.6 0.2300000000000001 0.4666666666666667 0.2300000000000001 0.4666666666666667 0.7516666666666668 0.6 0.7516666666666668
4 0.23333333333333336 0.35333333333333333 0.06777777777777781 0.35333333333333333 0.06777777777777781 0.6466666666666666 0.2333333333333334 0.6466666666666666
3 0.2544444444444445 0.24166666666666667 0.04333333333333335 0.24166666666666667 0.04333333333333338 0.9216666666666666 0.25444444444444453 0.9216666666666666