0 0.8463636363636363 0.18057455540355694 0.7190909090909091 0.18057455540355694 0.7190909090909091 0.27906976744186063 0.8463636363636363 0.27906976744186063
0 0.40454545454545454 0.2038303693570452 0.2963636363636364 0.2038303693570452 0.2963636363636364 0.30642954856361154 0.40454545454545454 0.30642954856361154
0 0.5363636363636364 0.20793433652530788 0.4254545454545455 0.20793433652530788 0.4254545454545455 0.32421340629274975 0.5363636363636364 0.32421340629274975
0 0.7163636363636363 0.21751025991792078 0.5845454545454546 0.21751025991792072 0.5845454545454546 0.34473324213406303 0.7163636363636363 0.3447332421340631
3 0.7609090909090909 0.21751025991792078 0.5481818181818182 0.21751025991792072 0.5481818181818182 0.5800273597811219 0.7609090909090909 0.5800273597811219
3 1 0.18057455540355694 0.7163636363636363 0.18057455540355694 0.7163636363636363 0.7852257181942546 1 0.7852257181942548
2 0.740909090909091 0.4021887824897402 0.5709090909090909 0.4021887824897402 0.5709090909090909 0.5745554035567717 0.740909090909091 0.5745554035567717
3 0.4136363636363637 0.19699042407660747 0.21636363636363637 0.19699042407660747 0.2163636363636364 0.7824897400820794 0.41363636363636375 0.7824897400820794
3 0.57 0.20793433652530788 0.4027272727272727 0.20793433652530788 0.40272727272727277 0.8426812585499316 0.57 0.8426812585499316
2 0.5527272727272727 0.38850889192886473 0.4254545454545455 0.38850889192886473 0.42545454545454553 0.6771545827633381 0.5527272727272727 0.6771545827633381
2 0.9218181818181819 0.3584131326949386 0.7527272727272727 0.3584131326949386 0.7527272727272727 0.7332421340629276 0.9218181818181819 0.7332421340629278
2 0.4000000000000001 0.38850889192886456 0.2390909090909091 0.38850889192886456 0.23909090909090913 0.7045143638850889 0.4000000000000001 0.7045143638850889