0 0.87625 0.181818181818182 0.755 0.181818181818182 0.755 0.3289597000937209 0.87625 0.32895970009372094
0 0.219375 0.2118088097469541 0.103125 0.21180880974695407 0.10312500000000002 0.37207122774133083 0.219375 0.37207122774133083
0 0.286875 0.26804123711340205 0.211875 0.26804123711340205 0.211875 0.3983130271790066 0.286875 0.3983130271790066
0 0.465625 0.28959700093720725 0.386875 0.28959700093720725 0.386875 0.3992502343017808 0.465625 0.3992502343017808
0 0.60125 0.30740393626991575 0.513125 0.30740393626991575 0.513125 0.42174320524836 0.60125 0.42174320524836
2 0.3225 0.4142455482661669 0.191875 0.41424554826616683 0.19187500000000005 0.6438612933458294 0.3225 0.6438612933458294
2 0.499375 0.4273664479850048 0.359375 0.4273664479850048 0.359375 0.6504217432052484 0.499375 0.6504217432052484
2 0.92125 0.3748828491096534 0.744375 0.37488284910965336 0.744375 0.7113402061855673 0.92125 0.7113402061855673
3 0.921875 0.18369259606373026 0.743125 0.18369259606373026 0.743125 1 0.921875 1
2 0.24750000000000003 0.3936269915651359 0.06937500000000003 0.3936269915651359 0.06937500000000005 0.8181818181818182 0.24750000000000008 0.8181818181818182
2 0.67125 0.4704779756326149 0.501875 0.4704779756326149 0.501875 0.7432052483598877 0.67125 0.7432052483598878
3 0.26062500000000005 0.2174320524835989 0.06562500000000002 0.21743205248359887 0.06562500000000006 1 0.26062500000000005 1
3 0.3418750000000001 0.2699156513589504 0.206875 0.26991565135895035 0.20687500000000003 1 0.34187500000000015 1
3 0.508125 0.2886597938144331 0.359375 0.2886597938144331 0.35937500000000006 1 0.5081250000000002 1
3 0.67625 0.3036551077788192 0.506875 0.3036551077788192 0.5068750000000001 1 0.67625 1