0 0.16666666666666674 0.6691919191919192 0.13555555555555562 0.6691919191919192 0.13555555555555562 0.7058080808080808 0.16666666666666674 0.7058080808080808
0 0.62 0.6616161616161617 0.5633333333333335 0.6616161616161617 0.5633333333333335 0.7146464646464646 0.62 0.7146464646464646
0 0.08555555555555562 0.678030303030303 0.0522222222222223 0.678030303030303 0.0522222222222223 0.7146464646464646 0.08555555555555562 0.7146464646464646
0 0.4300000000000001 0.6742424242424242 0.38222222222222235 0.6742424242424242 0.38222222222222235 0.7222222222222222 0.4300000000000001 0.7222222222222222
0 0.23888888888888896 0.6944444444444444 0.20666666666666672 0.6944444444444444 0.20666666666666672 0.7272727272727273 0.23888888888888896 0.7272727272727273
4 0.448888888888889 0.7133838383838383 0.3577777777777779 0.7133838383838383 0.3577777777777779 0.8295454545454546 0.448888888888889 0.8295454545454546
4 0.2611111111111112 0.7310606060606061 0.2044444444444445 0.7310606060606061 0.2044444444444445 0.8434343434343434 0.2611111111111112 0.8434343434343434
4 0.6333333333333333 0.7146464646464646 0.5433333333333334 0.7146464646464646 0.5433333333333334 0.8611111111111112 0.6333333333333333 0.8611111111111112
4 0.09555555555555563 0.7184343434343434 0.03000000000000008 0.7184343434343434 0.030000000000000086 0.8598484848484849 0.09555555555555564 0.8598484848484849
3 0.14444444444444454 0.7095959595959596 0.10111111111111118 0.7095959595959596 0.1011111111111112 0.8813131313131313 0.14444444444444457 0.8813131313131313
3 0.19333333333333344 0.6691919191919192 0.1344444444444445 0.6691919191919192 0.13444444444444453 0.922979797979798 0.19333333333333347 0.922979797979798
3 0.3244444444444446 0.6906565656565656 0.2700000000000001 0.6906565656565656 0.2700000000000001 0.9040404040404041 0.3244444444444446 0.9040404040404041
3 0.258888888888889 0.6944444444444444 0.19666666666666674 0.6944444444444444 0.19666666666666677 0.9078282828282829 0.258888888888889 0.9078282828282829
3 0.09888888888888897 0.6755050505050505 0.03555555555555563 0.6755050505050505 0.035555555555555646 0.9368686868686869 0.09888888888888898 0.9368686868686869
3 0.47111111111111126 0.6654040404040404 0.3711111111111112 0.6654040404040404 0.3711111111111112 0.9797979797979798 0.47111111111111126 0.9797979797979798
3 0.6422222222222222 0.648989898989899 0.5400000000000001 0.648989898989899 0.5400000000000001 1 0.6422222222222222 1