0 0.266 0.13866666666666672 0.167 0.13866666666666672 0.167 0.24800000000000003 0.266 0.24800000000000008
0 0.537 0.20266666666666674 0.453 0.20266666666666674 0.453 0.2880000000000001 0.537 0.2880000000000001
0 0.411 0.21066666666666675 0.329 0.21066666666666675 0.329 0.2933333333333334 0.411 0.2933333333333334
0 0.642 0.20666666666666675 0.568 0.20666666666666675 0.568 0.2973333333333334 0.642 0.2973333333333334
0 0.785 0.22400000000000012 0.695 0.2240000000000001 0.695 0.3120000000000001 0.785 0.31200000000000017
4 0.30700000000000005 0.2853333333333334 0.137 0.2853333333333333 0.13700000000000004 0.6586666666666666 0.3070000000000001 0.6586666666666666
4 0.827 0.3333333333333334 0.689 0.3333333333333334 0.689 0.6186666666666668 0.827 0.6186666666666668
4 0.548 0.32800000000000007 0.43 0.32800000000000007 0.43000000000000005 0.6293333333333334 0.548 0.6293333333333335
4 0.675 0.3413333333333335 0.551 0.3413333333333335 0.551 0.6186666666666668 0.675 0.6186666666666668
4 0.43600000000000005 0.3346666666666667 0.306 0.3346666666666667 0.30600000000000005 0.6493333333333333 0.4360000000000001 0.6493333333333333
3 0.30300000000000005 0.12800000000000003 0.125 0.12800000000000003 0.12500000000000006 1 0.3030000000000001 1
3 0.709 0.21333333333333346 0.545 0.2133333333333334 0.545 0.9653333333333334 0.709 0.9653333333333334
3 0.561 0.1893333333333334 0.416 0.1893333333333334 0.41600000000000004 1 0.561 1
3 0.849 0.22933333333333344 0.679 0.22933333333333342 0.679 0.968 0.849 0.968
3 0.42700000000000005 0.21866666666666673 0.315 0.21866666666666673 0.31500000000000006 1 0.4270000000000001 1