0 0.10750000000000004 0.30666666666666664 0.07000000000000003 0.30666666666666664 0.07000000000000003 0.36 0.10750000000000004 0.36
0 0.7575 0.3000000000000001 0.68 0.3000000000000001 0.68 0.3733333333333334 0.7575 0.3733333333333334
0 0.06250000000000004 0.31666666666666665 2.9085361479749636e-17 0.31666666666666665 3.260622102729828e-17 0.3933333333333333 0.06250000000000004 0.3933333333333333
2 0.6575 0.3366666666666668 0.6 0.3366666666666668 0.6 0.4833333333333335 0.6575 0.4833333333333335
2 0.465 0.35333333333333344 0.3875 0.35333333333333344 0.3875 0.49 0.465 0.49
2 0.3825 0.3733333333333334 0.305 0.3733333333333334 0.30500000000000005 0.4766666666666667 0.3825 0.4766666666666667
2 0.585 0.36333333333333345 0.5025 0.36333333333333345 0.5025 0.5000000000000001 0.585 0.5000000000000002
2 0.265 0.37333333333333335 0.165 0.37333333333333335 0.16500000000000004 0.5266666666666666 0.26500000000000007 0.5266666666666666
3 0.49 0.29333333333333345 0.39 0.29333333333333345 0.39 0.63 0.49 0.63
2 0.925 0.40000000000000013 0.7925 0.4000000000000001 0.7925 0.5766666666666669 0.925 0.5766666666666669
3 0.4 0.2900000000000001 0.31 0.2900000000000001 0.31000000000000005 0.7066666666666667 0.4 0.7066666666666667
2 0.775 0.41333333333333344 0.6275 0.41333333333333344 0.6275 0.5933333333333335 0.775 0.5933333333333335
2 0.09000000000000005 0.4166666666666667 3.827021247335479e-17 0.4166666666666667 4.653657836759942e-17 0.5966666666666667 0.09000000000000007 0.5966666666666667
3 0.61 0.29333333333333345 0.4975 0.29333333333333345 0.4975 0.7266666666666668 0.61 0.7266666666666669
3 0.31250000000000006 0.29000000000000004 0.15250000000000002 0.29 0.15250000000000005 0.79 0.31250000000000006 0.79
3 0.11250000000000006 0.2733333333333333 2.510525938252074e-17 0.2733333333333333 5.373137831259012e-17 0.8966666666666666 0.11250000000000007 0.8966666666666666
3 0.9275 0.2866666666666668 0.775 0.28666666666666674 0.775 0.9 0.9275 0.9
3 0.7725 0.30333333333333345 0.6175 0.30333333333333345 0.6175 0.9433333333333334 0.7725 0.9433333333333334
0 0.37 0.2900000000000001 0.3225 0.2900000000000001 0.3225 0.3333333333333334 0.37 0.3333333333333334
0 0.2525 0.2866666666666667 0.185 0.2866666666666667 0.185 0.3433333333333333 0.2525 0.3433333333333333
0 0.45 0.29333333333333345 0.395 0.29333333333333345 0.395 0.3500000000000001 0.45 0.3500000000000001
0 0.8975 0.28000000000000014 0.8075 0.2800000000000001 0.8075 0.36333333333333345 0.8975 0.3633333333333335
0 0.575 0.29666666666666675 0.515 0.29666666666666675 0.515 0.3600000000000001 0.575 0.3600000000000001