0 0.17461538461538462 0.13125000000000003 0.1453846153846154 0.13125000000000003 0.1453846153846154 0.16770833333333332 0.17461538461538462 0.16770833333333332
0 0.6707692307692308 0.15208333333333346 0.6376923076923077 0.15208333333333346 0.6376923076923077 0.19062500000000013 0.6707692307692308 0.19062500000000013
0 0.8992307692307693 0.16458333333333347 0.8623076923076923 0.16458333333333344 0.8623076923076923 0.20937500000000014 0.8992307692307693 0.20937500000000017
4 0.8338461538461538 0.15416666666666679 0.7992307692307692 0.15416666666666679 0.7992307692307692 0.2447916666666668 0.8338461538461538 0.2447916666666668
3 0.1876923076923077 0.1322916666666667 0.13 0.1322916666666667 0.13000000000000003 0.2947916666666667 0.18769230769230774 0.2947916666666667
3 0.8376923076923077 0.11250000000000013 0.7838461538461539 0.11250000000000011 0.7838461538461539 0.33229166666666676 0.8376923076923077 0.33229166666666676
4 0.1907692307692308 0.17500000000000002 0.14076923076923076 0.175 0.14076923076923079 0.2708333333333333 0.1907692307692308 0.2708333333333333
3 0.6915384615384615 0.14791666666666678 0.6138461538461538 0.14791666666666678 0.6138461538461538 0.32083333333333347 0.6915384615384615 0.32083333333333347
4 0.6861538461538461 0.1979166666666668 0.63 0.1979166666666668 0.63 0.30312500000000014 0.6861538461538461 0.30312500000000014
4 0.8907692307692308 0.20833333333333345 0.8469230769230769 0.20833333333333345 0.8469230769230769 0.33750000000000013 0.8907692307692308 0.33750000000000013
3 0.9130769230769231 0.15937500000000016 0.8484615384615385 0.15937500000000013 0.8484615384615385 0.4656250000000001 0.9130769230769231 0.4656250000000001
0 0.20307692307692307 0.3 0.13307692307692312 0.3 0.13307692307692312 0.37395833333333334 0.20307692307692307 0.37395833333333334
4 0.21000000000000005 0.39791666666666664 0.10076923076923082 0.39791666666666664 0.10076923076923082 0.6364583333333333 0.21000000000000008 0.6364583333333333
3 0.23923076923076927 0.2916666666666667 0.07461538461538464 0.2916666666666667 0.07461538461538467 0.90625 0.23923076923076933 0.90625
0 0.44769230769230767 0.06250000000000007 0.4238461538461539 0.06250000000000007 0.4238461538461539 0.09895833333333341 0.44769230769230767 0.09895833333333343