0 0.2671875 0.3444444444444445 0.24114583333333334 0.34444444444444444 0.24114583333333334 0.3722222222222223 0.2671875 0.37222222222222234
0 0.3380208333333333 0.34444444444444455 0.3151041666666667 0.34444444444444455 0.3151041666666667 0.37685185185185194 0.3380208333333333 0.37685185185185194
0 0.203125 0.3425925925925926 0.1796875 0.3425925925925926 0.1796875 0.3824074074074074 0.203125 0.3824074074074074
0 0.16458333333333333 0.36666666666666664 0.1421875 0.36666666666666664 0.1421875 0.4074074074074074 0.16458333333333333 0.4074074074074074
2 0.2791666666666667 0.37222222222222234 0.2453125 0.37222222222222234 0.24531250000000002 0.44166666666666676 0.2791666666666667 0.44166666666666676
2 0.20833333333333337 0.37962962962962965 0.18385416666666668 0.37962962962962965 0.1838541666666667 0.4388888888888889 0.2083333333333334 0.4388888888888889
2 0.3385416666666667 0.36851851851851863 0.3125 0.36851851851851863 0.3125 0.4527777777777779 0.3385416666666667 0.4527777777777779
2 0.41510416666666666 0.37962962962962976 0.3828125 0.37962962962962976 0.3828125 0.45740740740740754 0.41510416666666666 0.45740740740740754
3 0.28125 0.34259259259259267 0.24010416666666667 0.3425925925925926 0.2401041666666667 0.4981481481481482 0.28125 0.4981481481481482
3 0.34375 0.3398148148148149 0.3067708333333333 0.3398148148148149 0.3067708333333333 0.5074074074074074 0.34375 0.5074074074074074
3 0.4244791666666667 0.3500000000000001 0.3796875 0.3500000000000001 0.3796875 0.512962962962963 0.4244791666666667 0.512962962962963
3 0.21250000000000002 0.3527777777777778 0.18072916666666666 0.3527777777777778 0.1807291666666667 0.5138888888888888 0.21250000000000005 0.5138888888888888
2 0.17239583333333336 0.40185185185185185 0.1421875 0.40185185185185185 0.14218750000000002 0.47314814814814815 0.1723958333333334 0.47314814814814815
3 0.1713541666666667 0.37407407407407406 0.13802083333333334 0.37407407407407406 0.13802083333333337 0.5277777777777778 0.17135416666666672 0.5277777777777778