0 0.6 0.08717310087173112 0.5283333333333333 0.08717310087173112 0.5283333333333333 0.1768368617683687 0.6 0.17683686176836877
1 0.96 0.1369863013698632 0.905 0.1369863013698632 0.905 0.21170610211706117 0.96 0.21170610211706117
0 0.15166666666666667 0.15815691158156917 0.09750000000000002 0.15815691158156917 0.09750000000000002 0.22415940224159403 0.15166666666666667 0.22415940224159403
2 0.43833333333333335 0.14694894146948947 0.30666666666666664 0.14694894146948947 0.30666666666666664 0.3100871731008718 0.43833333333333335 0.3100871731008718
3 0.49083333333333334 0.042341220423412276 0.2708333333333333 0.042341220423412256 0.2708333333333333 0.48194271481942724 0.49083333333333334 0.4819427148194273
2 0.63 0.1830635118306352 0.5225 0.18306351183063518 0.5225 0.3586550435865506 0.63 0.3586550435865506
3 0.29 0.14819427148194272 0.09250000000000003 0.14819427148194272 0.09250000000000003 0.40348692403486924 0.29 0.40348692403486924
2 0.9283333333333333 0.20797011207970126 0.8283333333333334 0.20797011207970126 0.8283333333333334 0.39103362391033636 0.9283333333333333 0.39103362391033636
3 0.655 0.09090909090909101 0.49416666666666664 0.09090909090909101 0.49416666666666664 0.5442092154420923 0.655 0.5442092154420923
3 0.9708333333333333 0.13325031133250329 0.6958333333333333 0.13325031133250326 0.6958333333333333 0.5267745952677461 0.9708333333333333 0.5267745952677461
0 0.3233333333333333 0.02117061021170616 0.2675 0.021170610211706156 0.2675 0.11830635118306357 0.3233333333333333 0.11830635118306358