1 0.4122222222222222 0.2127272727272728 0.3288888888888889 0.2127272727272728 0.3288888888888889 0.29454545454545467 0.4122222222222222 0.29454545454545467
2 0.6244444444444445 0.21272727272727282 0.4711111111111111 0.21272727272727282 0.4711111111111111 0.6218181818181819 0.6244444444444445 0.621818181818182
4 0.7844444444444445 0.26909090909090927 0.6366666666666667 0.2690909090909092 0.6366666666666667 0.6545454545454548 0.7844444444444445 0.6545454545454548
4 0.26222222222222225 0.2981818181818182 0.09888888888888892 0.29818181818181816 0.09888888888888894 0.6927272727272727 0.2622222222222223 0.6927272727272727
2 0.43333333333333335 0.35454545454545466 0.30444444444444446 0.35454545454545466 0.30444444444444446 0.6363636363636364 0.43333333333333335 0.6363636363636364
3 0.6677777777777778 0.02363636363636375 0.43555555555555553 0.023636363636363726 0.43555555555555564 1 0.6677777777777778 1
3 0.96 0.06181818181818199 0.81 0.06181818181818197 0.81 1 0.96 1
3 0.81 0.08727272727272742 0.6411111111111111 0.0872727272727274 0.6411111111111111 0.9945454545454545 0.81 0.9945454545454545
3 0.2955555555555556 0.12363636363636366 0.08777777777777777 0.12363636363636364 0.08777777777777782 1 0.2955555555555557 1
3 0.4366666666666667 0.22000000000000008 0.25666666666666665 0.22000000000000006 0.2566666666666667 1 0.4366666666666668 1
1 0.5755555555555556 0.032727272727272834 0.48444444444444446 0.032727272727272834 0.48444444444444446 0.10181818181818192 0.5755555555555556 0.10181818181818192
1 0.9055555555555556 0.06909090909090926 0.8288888888888889 0.06909090909090924 0.8288888888888889 0.1436363636363638 0.9055555555555556 0.14363636363636384
0 0.7622222222222222 0.08000000000000014 0.6688888888888889 0.08000000000000013 0.6688888888888889 0.19818181818181835 0.7622222222222222 0.19818181818181835
1 0.2411111111111111 0.11818181818181824 0.16555555555555557 0.11818181818181824 0.16555555555555557 0.18363636363636368 0.2411111111111111 0.18363636363636368