0 0.28828125 0.29375 0.2328125 0.29375 0.2328125 0.35208333333333336 0.28828125 0.35208333333333336
0 0.63203125 0.30104166666666676 0.55546875 0.30104166666666676 0.55546875 0.3645833333333334 0.63203125 0.3645833333333334
0 0.48125 0.32187500000000013 0.41484375 0.32187500000000013 0.41484375 0.3645833333333334 0.48125 0.3645833333333334
0 0.80625 0.31875000000000014 0.7015625 0.31875000000000014 0.7015625 0.40208333333333346 0.80625 0.40208333333333346
0 0.38984375 0.3531250000000001 0.30078125 0.353125 0.30078125 0.4572916666666667 0.38984375 0.45729166666666676
2 0.2984375 0.38333333333333336 0.22734375 0.38333333333333336 0.22734375000000004 0.5520833333333334 0.2984375000000001 0.5520833333333334
2 0.5046875 0.4072916666666668 0.396875 0.4072916666666668 0.39687500000000003 0.590625 0.5046875 0.590625
2 0.6421875 0.39895833333333347 0.534375 0.39895833333333347 0.534375 0.6020833333333333 0.6421875 0.6020833333333333
3 0.30078125000000006 0.29375 0.21953125 0.29375 0.21953125000000004 0.7875 0.3007812500000001 0.7875
2 0.81015625 0.44375000000000014 0.7 0.44375000000000014 0.7 0.7114583333333334 0.81015625 0.7114583333333335
3 0.6515625 0.2937500000000001 0.5140625 0.2937500000000001 0.5140625 0.8729166666666667 0.6515625 0.8729166666666667
3 0.51328125 0.30833333333333346 0.41015625 0.30833333333333346 0.41015625 0.86875 0.51328125 0.86875
2 0.39687500000000003 0.4697916666666667 0.2703125 0.46979166666666666 0.27031250000000007 0.7322916666666667 0.3968750000000001 0.7322916666666667
3 0.821875 0.30833333333333346 0.68046875 0.30833333333333346 0.6804687500000001 1.0000000000000002 0.821875 1.0000000000000002
3 0.4117187500000001 0.3458333333333334 0.271875 0.3458333333333333 0.27187500000000003 0.9979166666666667 0.4117187500000002 0.9979166666666667