0 0.24083333333333334 0.04856787048567873 0.0575 0.048567870485678726 0.05750000000000001 0.21544209215442095 0.24083333333333334 0.215442092154421
0 0.5733333333333334 0.09339975093399759 0.4675 0.09339975093399758 0.4675 0.2067247820672479 0.5733333333333334 0.2067247820672479
0 0.9408333333333333 0.11706102117061037 0.7775 0.11706102117061035 0.7775 0.25529265255292666 0.9408333333333333 0.25529265255292666
0 0.33 0.2141967621419677 0.245 0.2141967621419677 0.245 0.3063511830635119 0.33 0.3063511830635119
0 0.7966666666666666 0.20797011207970126 0.7241666666666666 0.20797011207970126 0.7241666666666666 0.32129514321295155 0.7966666666666666 0.32129514321295155
2 0.6325 0.30759651307596525 0.42583333333333334 0.3075965130759652 0.4258333333333334 0.7210460772104608 0.6325 0.7210460772104608
3 0.29166666666666674 0.056039850560398535 0.011666666666666672 0.05603985056039851 0.011666666666666709 0.9863013698630136 0.29166666666666674 0.9863013698630136
3 0.66 0.0996264009962641 0.40166666666666667 0.09962640099626408 0.4016666666666667 1 0.66 1
3 1 0.11706102117061037 0.7758333333333334 0.11706102117061035 0.7758333333333334 0.9875466998754673 1 0.9875466998754673
2 0.8208333333333333 0.3985056039850562 0.6933333333333334 0.3985056039850562 0.6933333333333334 0.7135740971357412 0.8208333333333333 0.7135740971357413
2 0.28166666666666673 0.3574097135740971 0.025833333333333364 0.3574097135740971 0.02583333333333338 0.772104607721046 0.2816666666666668 0.772104607721046
3 0.40416666666666673 0.2079701120797012 0.23583333333333334 0.2079701120797012 0.23583333333333337 1 0.4041666666666668 1
3 0.8391666666666666 0.20797011207970126 0.67 0.20797011207970126 0.67 1.0000000000000002 0.8391666666666666 1.0000000000000002
2 0.985 0.4221668742216689 0.8091666666666667 0.4221668742216689 0.8091666666666667 0.8891656288916566 0.985 0.8891656288916566