4 0.991041961338991 0.4837340876944839 0.8066949552098067 0.4837340876944839 0.8066949552098067 0.9639321074964641 0.991041961338991 0.9639321074964643
0 0.23055162659123055 0.08274398868458277 0.12305516265912306 0.08274398868458277 0.12305516265912306 0.20650636492220656 0.23055162659123055 0.2065063649222066
0 0.5832154644035832 0.1654879773691656 0.47336162187647335 0.16548797736916557 0.47336162187647335 0.27227722772277235 0.5832154644035832 0.27227722772277235
0 0.3983969825553984 0.25318246110325326 0.2956152758132956 0.25318246110325326 0.2956152758132956 0.3599717114568601 0.3983969825553984 0.3599717114568601
0 0.7303158887317304 0.27581329561527596 0.6228194247996228 0.2758132956152759 0.6228194247996228 0.3769448373408771 0.7303158887317304 0.3769448373408771
0 0.9462517680339463 0.2793493635077795 0.8307402168788307 0.2793493635077795 0.8307402168788307 0.3875530410183877 0.9462517680339463 0.3875530410183877
4 0.23620933521923623 0.26379066478076385 0.07024988213107028 0.2637906647807638 0.0702498821310703 0.6527581329561527 0.23620933521923626 0.6527581329561527
3 0.23432343234323438 0.08628005657708632 0.06459217350306459 0.0862800565770863 0.06459217350306463 1 0.23432343234323444 1
2 0.6190476190476191 0.3514851485148516 0.44130127298444133 0.3514851485148516 0.44130127298444133 0.7355021216407355 0.6190476190476191 0.7355021216407355
3 0.586044318717586 0.16336633663366346 0.4347006129184347 0.16336633663366346 0.43470061291843476 1 0.586044318717586 1
4 0.4191419141914192 0.4200848656294201 0.25176803394625175 0.4200848656294201 0.2517680339462518 0.7934936350777935 0.4191419141914193 0.7934936350777935
3 0.40169731258840174 0.24115983026874124 0.26449787835926447 0.24115983026874124 0.2644978783592645 1 0.4016973125884018 1
3 0.7633191890617633 0.2637906647807639 0.6181046676096181 0.26379066478076385 0.6181046676096181 1 0.7633191890617633 1
3 0.9735973597359736 0.26379066478076396 0.8203677510608204 0.26379066478076396 0.8203677510608204 1.0000000000000002 0.9735973597359736 1.0000000000000002
4 0.7798208392267798 0.45968882602545985 0.6275341819896275 0.45968882602545985 0.6275341819896275 0.8691654879773691 0.7798208392267798 0.8691654879773691