0 0.39555555555555555 0.2544378698224853 0.27111111111111114 0.2544378698224853 0.27111111111111114 0.3402366863905326 0.39555555555555555 0.3402366863905326
0 0.49333333333333335 0.31656804733727817 0.42 0.31656804733727817 0.42 0.3875739644970414 0.49333333333333335 0.3875739644970414
0 0.58 0.35502958579881666 0.52 0.35502958579881666 0.52 0.3994082840236688 0.58 0.3994082840236688
0 0.22666666666666674 0.3520710059171598 0.16666666666666674 0.3520710059171598 0.16666666666666674 0.40532544378698226 0.22666666666666674 0.40532544378698226
0 0.10222222222222226 0.3727810650887574 0.03333333333333337 0.3727810650887574 0.03333333333333337 0.4230769230769231 0.10222222222222226 0.4230769230769231
0 0.7133333333333334 0.38757396449704157 0.6622222222222223 0.38757396449704157 0.6622222222222223 0.4378698224852073 0.7133333333333334 0.4378698224852073
2 0.7533333333333333 0.4674556213017753 0.6466666666666666 0.4674556213017753 0.6466666666666666 0.653846153846154 0.7533333333333333 0.653846153846154
2 0.08888888888888893 0.46745562130177515 0.017777777777777816 0.46745562130177515 0.01777777777777783 0.6597633136094675 0.08888888888888895 0.6597633136094675
2 0.5844444444444444 0.4585798816568048 0.5133333333333333 0.45857988165680474 0.5133333333333333 0.6775147928994084 0.5844444444444444 0.6775147928994084
3 0.1355555555555556 0.3757396449704142 0.00444444444444448 0.3757396449704142 0.004444444444444501 0.8372781065088757 0.13555555555555562 0.8372781065088757
3 0.7488888888888889 0.3905325443786984 0.6266666666666667 0.3905325443786984 0.6266666666666667 0.8284023668639053 0.7488888888888889 0.8284023668639053
3 0.43111111111111117 0.24852071005917165 0.2577777777777778 0.2485207100591716 0.25777777777777783 0.9911242603550295 0.4311111111111112 0.9911242603550295
3 0.4933333333333334 0.30769230769230776 0.4 0.30769230769230776 0.4000000000000001 1 0.49333333333333346 1
3 0.5888888888888889 0.3579881656804735 0.5022222222222222 0.3579881656804735 0.5022222222222222 0.9733727810650887 0.5888888888888889 0.9733727810650887
2 0.41777777777777786 0.46745562130177515 0.2755555555555556 0.46745562130177515 0.2755555555555556 0.893491124260355 0.4177777777777779 0.893491124260355