0 0.2900390625 0.06024096385542172 0.1484375 0.06024096385542171 0.1484375 0.2096385542168675 0.2900390625 0.20963855421686753
0 0.59375 0.07469879518072296 0.453125 0.07469879518072296 0.453125 0.20722891566265067 0.59375 0.20722891566265067
3 0.8173828125 0.05421686746987962 0.5908203125 0.0542168674698796 0.5908203125 0.37590361445783144 0.8173828125 0.37590361445783144
2 0.8125 0.2168674698795182 0.62109375 0.21686746987951813 0.62109375 0.3590361445783134 0.8125 0.3590361445783134
2 0.4619140625 0.16385542168674705 0.3193359375 0.16385542168674705 0.3193359375 0.446987951807229 0.4619140625 0.44698795180722906
2 0.3125 0.1879518072289157 0.10449218750000003 0.18795180722891566 0.10449218750000004 0.4530120481927711 0.3125 0.4530120481927711
2 0.69921875 0.2638554216867471 0.482421875 0.2638554216867471 0.48242187500000006 0.5674698795180724 0.69921875 0.5674698795180724
3 0.45605468750000006 0.013253012048192826 0.28125 0.013253012048192814 0.28125000000000006 0.9759036144578314 0.4560546875000001 0.9759036144578314
3 0.30566406250000006 0.04698795180722895 0.083984375 0.04698795180722893 0.08398437500000004 0.9566265060240964 0.3056640625000001 0.9566265060240964
3 0.619140625 0.06746987951807236 0.462890625 0.06746987951807236 0.46289062500000006 0.9590361445783132 0.619140625 0.9590361445783132
0 0.435546875 0.013253012048192826 0.3115234375 0.013253012048192818 0.3115234375 0.1686746987951808 0.435546875 0.1686746987951808
0 0.7060546875 0.060240963855421784 0.6123046875 0.06024096385542177 0.6123046875 0.16506024096385552 0.7060546875 0.16506024096385555