4 0.9607843137254902 0.18627450980392174 0.8823529411764706 0.1862745098039217 0.8823529411764706 0.32107843137254916 0.9607843137254902 0.32107843137254916
3 0.9673202614379085 0.1299019607843139 0.8725490196078431 0.1299019607843139 0.8725490196078431 0.5147058823529413 0.9673202614379085 0.5147058823529413
4 0.3660130718954248 0.29656862745098045 0.33169934640522875 0.29656862745098045 0.33169934640522875 0.3602941176470588 0.3660130718954248 0.3602941176470588
3 0.3741830065359477 0.25000000000000006 0.31862745098039214 0.25000000000000006 0.31862745098039214 0.46568627450980393 0.3741830065359477 0.46568627450980393
3 0.5228758169934641 0.26470588235294124 0.4624183006535948 0.26470588235294124 0.4624183006535948 0.4705882352941178 0.5228758169934641 0.4705882352941178
0 0.7826797385620915 0.49754901960784326 0.7467320261437909 0.49754901960784326 0.7467320261437909 0.5612745098039217 0.7826797385620915 0.5612745098039217
0 0.39052287581699346 0.5220588235294118 0.3627450980392157 0.5220588235294118 0.3627450980392157 0.5514705882352942 0.39052287581699346 0.5514705882352943
0 0.6405228758169934 0.556372549019608 0.6045751633986928 0.556372549019608 0.6045751633986928 0.6078431372549021 0.6405228758169934 0.6078431372549021
3 0.411764705882353 0.5147058823529412 0.31862745098039214 0.5147058823529411 0.3186274509803922 0.6642156862745098 0.41176470588235303 0.6642156862745098
4 0.39542483660130723 0.5637254901960785 0.32679738562091504 0.5637254901960784 0.3267973856209151 0.6666666666666666 0.3954248366013073 0.6666666666666666
4 0.8202614379084967 0.5759803921568629 0.7434640522875817 0.5759803921568629 0.7434640522875817 0.7254901960784315 0.8202614379084967 0.7254901960784317
3 0.6405228758169934 0.5588235294117648 0.5424836601307189 0.5588235294117648 0.5424836601307189 0.7794117647058824 0.6405228758169934 0.7794117647058824
3 0.8251633986928104 0.502450980392157 0.7238562091503268 0.502450980392157 0.7238562091503268 0.860294117647059 0.8251633986928104 0.8602941176470591
4 0.6029411764705882 0.6151960784313727 0.5441176470588235 0.6151960784313727 0.5441176470588235 0.7622549019607843 0.6029411764705882 0.7622549019607843
0 0.9166666666666666 0.12500000000000017 0.8790849673202614 0.12500000000000017 0.8790849673202614 0.17892156862745112 0.9166666666666666 0.17892156862745112