0 0.9138276553106213 0.30030030030030047 0.8316633266533067 0.30030030030030047 0.8316633266533067 0.39639639639639657 0.9138276553106213 0.39639639639639657
0 0.6593186372745491 0.4294294294294296 0.6032064128256514 0.4294294294294296 0.6032064128256514 0.5015015015015016 0.6593186372745491 0.5015015015015016
0 0.4649298597194389 0.4744744744744745 0.40681362725450904 0.4744744744744745 0.40681362725450904 0.5285285285285285 0.4649298597194389 0.5285285285285285
0 0.312625250501002 0.5105105105105106 0.27655310621242485 0.5105105105105106 0.27655310621242485 0.5555555555555556 0.312625250501002 0.5555555555555556
0 0.2625250501002004 0.5285285285285285 0.2204408817635271 0.5285285285285285 0.2204408817635271 0.5735735735735735 0.2625250501002004 0.5735735735735735
0 0.18837675350701408 0.5585585585585585 0.15030060120240488 0.5585585585585585 0.15030060120240488 0.5885885885885885 0.18837675350701408 0.5885885885885885
0 0.07815631262525055 0.5615615615615616 0.05410821643286577 0.5615615615615616 0.05410821643286577 0.5975975975975976 0.07815631262525055 0.5975975975975976
2 0.9879759519038076 0.44444444444444464 0.8517034068136272 0.44444444444444464 0.8517034068136272 0.7777777777777779 0.9879759519038076 0.7777777777777781
2 0.3547094188376754 0.5735735735735735 0.2925851703406814 0.5735735735735735 0.29258517034068143 0.7117117117117117 0.3547094188376755 0.7117117117117117
2 0.10220440881763533 0.6006006006006006 0.058116232464929904 0.6006006006006006 0.05811623246492991 0.6966966966966966 0.10220440881763533 0.6966966966966966
3 0.9979959919839679 0.30030030030030047 0.8216432865731463 0.30030030030030047 0.8216432865731463 1.0000000000000002 0.9979959919839679 1.0000000000000004
2 0.5070140280561123 0.5645645645645646 0.4288577154308617 0.5645645645645646 0.42885771543086176 0.7417417417417418 0.5070140280561123 0.7417417417417419
2 0.27855711422845697 0.5885885885885885 0.2264529058116233 0.5885885885885885 0.2264529058116233 0.7297297297297297 0.278557114228457 0.7297297297297297
3 0.5090180360721444 0.46846846846846857 0.4028056112224449 0.46846846846846846 0.40280561122244496 0.8678678678678678 0.5090180360721444 0.8678678678678678
2 0.20641282565130267 0.6126126126126126 0.1643286573146293 0.6126126126126126 0.1643286573146293 0.7267267267267268 0.20641282565130267 0.7267267267267268
2 0.7014028056112225 0.5525525525525528 0.6052104208416834 0.5525525525525528 0.6052104208416834 0.7897897897897898 0.7014028056112225 0.7897897897897898
3 0.7074148296593187 0.4324324324324326 0.5891783567134269 0.4324324324324326 0.5891783567134269 0.9219219219219219 0.7074148296593187 0.9219219219219219
3 0.10621242484969945 0.5705705705705706 0.050100200400801646 0.5705705705705706 0.05010020040080166 0.7987987987987988 0.10621242484969945 0.7987987987987988
3 0.3607214428857716 0.5105105105105106 0.2665330661322645 0.5105105105105106 0.2665330661322646 0.8648648648648649 0.3607214428857717 0.8648648648648649
3 0.29058116232464937 0.5315315315315315 0.20841683366733474 0.5315315315315315 0.20841683366733474 0.8528528528528528 0.2905811623246494 0.8528528528528528
3 0.21242484969939884 0.5465465465465466 0.14428857715430868 0.5465465465465466 0.14428857715430868 0.8378378378378378 0.21242484969939884 0.8378378378378378