0 0.41475409836065574 0.17500000000000007 0.34098360655737703 0.17500000000000007 0.34098360655737703 0.2605263157894738 0.41475409836065574 0.2605263157894738
0 0.6098360655737705 0.20789473684210538 0.5418032786885246 0.20789473684210533 0.5418032786885246 0.29605263157894746 0.6098360655737705 0.2960526315789475
0 0.7672131147540984 0.2078947368421054 0.6852459016393443 0.2078947368421054 0.6852459016393443 0.3092105263157896 0.7672131147540984 0.3092105263157896
0 0.260655737704918 0.23026315789473692 0.19344262295081968 0.23026315789473692 0.1934426229508197 0.32236842105263164 0.260655737704918 0.32236842105263164
2 0.5008196721311475 0.3026315789473685 0.35327868852459016 0.3026315789473685 0.35327868852459016 0.5723684210526316 0.5008196721311475 0.5723684210526317
2 0.8147540983606557 0.3197368421052633 0.6918032786885245 0.3197368421052633 0.6918032786885245 0.5828947368421055 0.8147540983606557 0.5828947368421055
2 0.660655737704918 0.32631578947368434 0.5459016393442623 0.3263157894736843 0.5459016393442623 0.5986842105263159 0.660655737704918 0.5986842105263159
2 0.31311475409836065 0.34868421052631576 0.18770491803278694 0.34868421052631576 0.18770491803278694 0.6078947368421053 0.31311475409836065 0.6078947368421053
3 0.5008196721311475 0.16184210526315798 0.34098360655737703 0.16184210526315798 0.3409836065573771 0.881578947368421 0.5008196721311475 0.881578947368421
3 0.6672131147540984 0.21052631578947378 0.5237704918032787 0.21052631578947376 0.5237704918032787 0.9078947368421053 0.6672131147540984 0.9078947368421053
3 0.8172131147540984 0.21447368421052646 0.6836065573770492 0.21447368421052646 0.6836065573770492 0.9210526315789476 0.8172131147540984 0.9210526315789477
3 0.3213114754098361 0.22105263157894742 0.17540983606557378 0.22105263157894736 0.1754098360655738 0.9381578947368421 0.3213114754098362 0.9381578947368421