0 0.9237536656891495 0.21894409937888215 0.8142717497556208 0.21894409937888215 0.8142717497556208 0.31366459627329213 0.9237536656891495 0.31366459627329213
0 0.30303030303030304 0.25621118012422367 0.22971652003910067 0.25621118012422367 0.22971652003910067 0.360248447204969 0.30303030303030304 0.360248447204969
0 0.13978494623655915 0.265527950310559 0.061583577712609985 0.265527950310559 0.06158357771260999 0.37422360248447206 0.13978494623655918 0.37422360248447206
0 0.6979472140762464 0.28726708074534174 0.6265884652981427 0.2872670807453417 0.6265884652981427 0.38509316770186347 0.6979472140762464 0.3850931677018635
2 0.3118279569892473 0.360248447204969 0.22580645161290322 0.36024844720496896 0.22580645161290325 0.59472049689441 0.3118279569892473 0.59472049689441
2 0.8005865102639296 0.3850931677018635 0.7321603128054741 0.3850931677018635 0.7321603128054741 0.6381987577639753 0.8005865102639296 0.6381987577639753
2 0.16031280547409585 0.40062111801242234 0.051808406647116355 0.40062111801242234 0.05180840664711637 0.6925465838509317 0.16031280547409585 0.6925465838509317
2 0.7214076246334311 0.42701863354037284 0.6304985337243402 0.42701863354037284 0.6304985337243402 0.6785714285714287 0.7214076246334311 0.6785714285714287
2 0.9843597262952102 0.35559006211180144 0.804496578690127 0.35559006211180144 0.804496578690127 0.7779503105590064 0.9843597262952102 0.7779503105590064
3 0.8103616813294232 0.26397515527950327 0.7233626588465298 0.26397515527950327 0.7233626588465298 0.889751552795031 0.8103616813294232 0.889751552795031
3 0.3401759530791789 0.24689440993788825 0.21114369501466276 0.2468944099378882 0.2111436950146628 0.9239130434782609 0.34017595307917897 0.9239130434782609
3 0.9716520039100685 0.21118012422360266 0.7917888563049853 0.21118012422360266 0.7917888563049853 1.0000000000000002 0.9716520039100685 1.0000000000000004
3 0.2023460410557185 0.2531055900621118 0.04203323558162269 0.2531055900621118 0.042033235581622724 1 0.20234604105571852 1
3 0.7262952101661779 0.27639751552795044 0.5933528836754643 0.2763975155279504 0.5933528836754643 1 0.7262952101661779 1