0 0.805 0.4818731117824775 0.776 0.4818731117824775 0.776 0.5166163141993959 0.805 0.5166163141993959
0 0.569 0.5060422960725077 0.539 0.5060422960725077 0.539 0.5453172205438068 0.569 0.5453172205438068
0 0.4 0.513595166163142 0.367 0.513595166163142 0.367 0.5468277945619335 0.4 0.5468277945619335
0 0.265 0.5166163141993958 0.24000000000000005 0.5166163141993958 0.24000000000000005 0.5604229607250756 0.265 0.5604229607250756
4 0.822 0.5271903323262842 0.78 0.5271903323262842 0.78 0.6178247734138974 0.822 0.6178247734138974
4 0.563 0.5438066465256799 0.51 0.5438066465256799 0.51 0.6359516616314201 0.563 0.6359516616314201
4 0.297 0.5619335347432024 0.24100000000000005 0.5619335347432024 0.24100000000000005 0.6253776435045317 0.297 0.6253776435045317
4 0.435 0.5513595166163142 0.38 0.5513595166163142 0.38 0.6435045317220544 0.435 0.6435045317220544
3 0.823 0.47734138972809687 0.774 0.47734138972809687 0.774 0.7175226586102721 0.823 0.7175226586102721
3 0.571 0.503021148036254 0.5 0.503021148036254 0.5000000000000001 0.7432024169184291 0.571 0.7432024169184291
3 0.45500000000000007 0.5105740181268882 0.367 0.5105740181268882 0.36700000000000005 0.7643504531722054 0.4550000000000001 0.7643504531722054
3 0.31200000000000006 0.5181268882175226 0.23200000000000007 0.5181268882175226 0.23200000000000007 0.7688821752265861 0.3120000000000001 0.7688821752265861