0 0.3427734375 0.09516837481698395 0.2177734375 0.09516837481698394 0.2177734375 0.26793557833089315 0.3427734375 0.2679355783308932
0 0.7841796875 0.15373352855051256 0.6669921875 0.15373352855051256 0.6669921875 0.3191800878477307 0.7841796875 0.3191800878477308
0 0.533203125 0.2152269399707175 0.4296875 0.2152269399707175 0.4296875 0.3499267935578332 0.533203125 0.3499267935578332
0 0.23242187500000003 0.1888726207906296 0.08300781250000003 0.18887262079062958 0.08300781250000003 0.3821376281112738 0.23242187500000006 0.3821376281112738
3 0.453125 0.10102489019033681 0.2138671875 0.1010248901903368 0.21386718750000003 0.5812591508052709 0.453125 0.5812591508052709
4 0.396484375 0.3177159590043924 0.2216796875 0.31771595900439237 0.22167968750000003 0.582723279648609 0.396484375 0.582723279648609
4 0.24218750000000006 0.3938506588579795 0.04589843750000003 0.3938506588579795 0.04589843750000004 0.6046852122986823 0.24218750000000006 0.6046852122986823
0 0.8388671875 0.46705710102489034 0.6826171875 0.46705710102489034 0.6826171875 0.6310395314787703 0.8388671875 0.6310395314787703
3 0.25195312500000006 0.20058565153733532 0.047851562500000014 0.2005856515373353 0.04785156250000004 0.9004392386530015 0.2519531250000001 0.9004392386530015
3 0.6103515625 0.21083455344070287 0.427734375 0.21083455344070287 0.42773437500000006 0.9399707174231332 0.6103515625 0.9399707174231332
3 0.9580078125 0.4641288433382139 0.6767578125 0.4641288433382139 0.6767578125 1.0000000000000002 0.9580078125 1.0000000000000002
4 0.953125 0.683748169838946 0.75390625 0.683748169838946 0.75390625 1.0000000000000002 0.953125 1.0000000000000002