0 0.5583333333333333 0.41574074074074086 0.5380208333333333 0.41574074074074086 0.5380208333333333 0.44722222222222235 0.5583333333333333 0.44722222222222235
0 0.6395833333333333 0.42777777777777787 0.6223958333333334 0.42777777777777787 0.6223958333333334 0.4611111111111112 0.6395833333333333 0.4611111111111112
0 0.4046875 0.4351851851851853 0.38125 0.4351851851851853 0.38125 0.47314814814814826 0.4046875 0.47314814814814826
2 0.6734375 0.42962962962962975 0.6453125 0.42962962962962975 0.6453125 0.5018518518518521 0.6734375 0.5018518518518521
2 0.5692708333333333 0.4462962962962964 0.5432291666666667 0.4462962962962964 0.5432291666666667 0.5157407407407409 0.5692708333333333 0.5157407407407409
3 0.6796875 0.40185185185185196 0.6421875 0.40185185185185196 0.6421875 0.5601851851851853 0.6796875 0.5601851851851853
0 0.39375 0.4666666666666668 0.37864583333333335 0.4666666666666668 0.37864583333333335 0.4962962962962963 0.39375 0.4962962962962963
3 0.5802083333333333 0.4037037037037038 0.5317708333333333 0.4037037037037038 0.5317708333333333 0.5824074074074076 0.5802083333333333 0.5824074074074076
2 0.6427083333333333 0.45740740740740754 0.6208333333333333 0.45740740740740754 0.6208333333333333 0.5305555555555558 0.6427083333333333 0.5305555555555558
3 0.6536458333333334 0.4185185185185186 0.6140625 0.4185185185185186 0.6140625 0.6018518518518521 0.6536458333333334 0.6018518518518521
2 0.4078125 0.49907407407407406 0.3802083333333333 0.49907407407407406 0.3802083333333333 0.5666666666666667 0.4078125 0.5666666666666667
3 0.4078125 0.4629629629629631 0.37447916666666664 0.4629629629629631 0.37447916666666664 0.6333333333333333 0.4078125 0.6333333333333333