0 0.07676767676767679 0.2125 2.1029288470207074e-17 0.2125 2.5235146164248493e-17 0.2975 0.07676767676767679 0.2975
0 0.5292929292929293 0.23000000000000007 0.4707070707070707 0.23000000000000007 0.4707070707070707 0.30500000000000005 0.5292929292929293 0.30500000000000005
0 0.33535353535353535 0.23750000000000007 0.2585858585858586 0.23750000000000007 0.2585858585858586 0.30750000000000005 0.33535353535353535 0.30750000000000005
4 1 0.21750000000000014 0.8545454545454545 0.21750000000000014 0.8545454545454545 0.5075000000000002 1 0.5075000000000002
4 0.5737373737373738 0.3500000000000001 0.4585858585858586 0.35 0.4585858585858586 0.5675000000000001 0.5737373737373738 0.5675000000000001
4 0.7797979797979798 0.3300000000000001 0.6343434343434343 0.3300000000000001 0.6343434343434343 0.5925000000000001 0.7797979797979798 0.5925000000000001
4 0.3757575757575758 0.345 0.23838383838383845 0.345 0.23838383838383845 0.585 0.37575757575757585 0.585
4 0.14747474747474754 0.3425 0.004040404040404074 0.3425 0.004040404040404089 0.63 0.14747474747474754 0.63
3 1 0.06750000000000014 0.8242424242424242 0.06750000000000013 0.8242424242424242 0.9250000000000002 1 0.9250000000000003
3 0.7696969696969697 0.2050000000000001 0.6303030303030303 0.20500000000000007 0.6303030303030303 0.88 0.7696969696969697 0.88
3 0.597979797979798 0.23750000000000007 0.44242424242424244 0.23750000000000007 0.4424242424242425 0.85 0.597979797979798 0.85
3 0.3777777777777778 0.22500000000000003 0.2222222222222222 0.225 0.22222222222222224 0.87 0.3777777777777779 0.87
3 0.15353535353535358 0.2 1.9792271501371367e-17 0.2 5.4305044931887685e-17 0.8975 0.15353535353535366 0.8975
0 0.9494949494949495 0.08750000000000015 0.8424242424242424 0.08750000000000015 0.8424242424242424 0.17500000000000016 0.9494949494949495 0.17500000000000016
0 0.7333333333333333 0.2075000000000001 0.6646464646464646 0.20750000000000007 0.6646464646464646 0.2675000000000001 0.7333333333333333 0.2675000000000001