0 0.47962962962962963 0.4289693593314764 0.42407407407407405 0.42896935933147634 0.42407407407407405 0.4860724233983288 0.47962962962962963 0.48607242339832885
0 0.2962962962962963 0.43454038997214484 0.21296296296296302 0.43454038997214484 0.21296296296296302 0.5 0.2962962962962963 0.5
0 0.6675925925925926 0.4735376044568247 0.6314814814814815 0.4735376044568247 0.6314814814814815 0.5139275766016714 0.6675925925925926 0.5139275766016714
0 0.5611111111111111 0.4763231197771589 0.5166666666666667 0.4763231197771589 0.5166666666666667 0.5264623955431756 0.5611111111111111 0.5264623955431756
0 0.38796296296296295 0.4735376044568245 0.33240740740740743 0.4735376044568245 0.33240740740740743 0.5445682451253482 0.38796296296296295 0.5445682451253482
0 0.6259259259259259 0.48189415041782746 0.5768518518518518 0.48189415041782746 0.5768518518518518 0.5584958217270196 0.6259259259259259 0.5584958217270196
4 0.687037037037037 0.5334261838440113 0.6231481481481481 0.5334261838440113 0.6231481481481481 0.6880222841225628 0.687037037037037 0.6880222841225628
4 0.49444444444444446 0.5194986072423399 0.40370370370370373 0.5194986072423399 0.40370370370370373 0.7214484679665738 0.49444444444444446 0.7214484679665738
3 0.687962962962963 0.4721448467966575 0.6305555555555555 0.4721448467966575 0.6305555555555555 0.8593314763231198 0.687962962962963 0.8593314763231198
4 0.6268518518518519 0.5821727019498609 0.549074074074074 0.5821727019498609 0.549074074074074 0.8175487465181058 0.6268518518518519 0.8175487465181058
4 0.4175925925925926 0.5807799442896936 0.31666666666666665 0.5807799442896936 0.3166666666666667 0.8217270194986073 0.4175925925925927 0.8217270194986073
4 0.3046296296296297 0.5612813370473537 0.18333333333333338 0.5612813370473537 0.18333333333333338 0.8440111420612814 0.30462962962962975 0.8440111420612814
3 0.4962962962962963 0.4261838440111421 0.40370370370370373 0.42618384401114207 0.40370370370370373 0.9805013927576601 0.4962962962962963 0.9805013927576601
3 0.2972222222222223 0.43175487465181056 0.17500000000000004 0.43175487465181056 0.17500000000000007 0.9888579387186629 0.29722222222222233 0.9888579387186629
3 0.41851851851851857 0.4818941504178273 0.3074074074074074 0.4818941504178273 0.30740740740740746 0.9860724233983287 0.4185185185185186 0.9860724233983287
3 0.6407407407407407 0.4763231197771589 0.5453703703703704 0.4763231197771589 0.5453703703703704 0.9986072423398329 0.6407407407407407 0.9986072423398329