0 0.8720703125 0.4510948905109491 0.8115234375 0.4510948905109491 0.8115234375 0.5270072992700732 0.8720703125 0.5270072992700732
0 0.3974609375 0.4569343065693431 0.33203125 0.4569343065693431 0.33203125 0.5255474452554745 0.3974609375 0.5255474452554745
0 0.12011718750000004 0.4510948905109489 0.06152343750000004 0.4510948905109489 0.06152343750000004 0.5343065693430656 0.12011718750000006 0.5343065693430656
0 0.529296875 0.4686131386861315 0.4794921875 0.4686131386861315 0.4794921875 0.5299270072992702 0.529296875 0.5299270072992702
0 0.2568359375 0.4744525547445255 0.20214843750000006 0.4744525547445255 0.20214843750000006 0.5299270072992701 0.2568359375 0.5299270072992701
0 0.68359375 0.4744525547445257 0.6181640625 0.4744525547445257 0.6181640625 0.5357664233576644 0.68359375 0.5357664233576644
3 0.42187500000000006 0.4510948905109489 0.2998046875 0.4510948905109489 0.29980468750000006 1 0.4218750000000001 1
3 0.927734375 0.45401459854014614 0.7880859375 0.45401459854014614 0.7880859375 1.0000000000000002 0.927734375 1.0000000000000002
3 0.15234375000000006 0.46131386861313867 3.7791834817437855e-17 0.46131386861313867 5.979720698961686e-17 0.9985401459854014 0.15234375000000006 0.9985401459854014
3 0.5693359375 0.4627737226277373 0.4443359375 0.46277372262773725 0.44433593750000006 1 0.5693359375 1
3 0.29003906250000006 0.4656934306569343 0.16699218750000006 0.4656934306569343 0.16699218750000006 1 0.2900390625000001 1
3 0.720703125 0.467153284671533 0.591796875 0.467153284671533 0.591796875 1 0.720703125 1
3 1 0.4686131386861315 0.9111328125 0.4686131386861315 0.9111328125 1.0000000000000002 1 1.0000000000000002