0 0.4951171875 0.15413533834586476 0.443359375 0.15413533834586476 0.443359375 0.2312030075187971 0.4951171875 0.2312030075187971
0 0.6455078125 0.15413533834586482 0.59375 0.15413533834586482 0.59375 0.23872180451127836 0.6455078125 0.23872180451127836
0 0.6962890625 0.16541353383458662 0.642578125 0.16541353383458662 0.642578125 0.24812030075187985 0.6962890625 0.2481203007518799
3 0.5322265625 0.12593984962406027 0.486328125 0.12593984962406027 0.486328125 0.293233082706767 0.5322265625 0.293233082706767
3 0.294921875 0.1033834586466166 0.2255859375 0.10338345864661659 0.2255859375 0.3214285714285715 0.294921875 0.3214285714285715
4 0.603515625 0.2537593984962407 0.5234375 0.2537593984962407 0.5234375 0.5281954887218048 0.603515625 0.5281954887218048
4 0.376953125 0.23120300751879708 0.287109375 0.23120300751879705 0.287109375 0.5620300751879699 0.376953125 0.5620300751879699
4 0.267578125 0.24812030075187974 0.1640625 0.24812030075187969 0.16406250000000003 0.5733082706766918 0.267578125 0.5733082706766918
4 0.18652343750000003 0.2725563909774436 0.054687500000000014 0.2725563909774436 0.05468750000000003 0.5921052631578947 0.18652343750000006 0.5921052631578947
4 0.7236328125 0.30075187969924827 0.6357421875 0.3007518796992482 0.6357421875 0.5845864661654138 0.7236328125 0.5845864661654138
4 0.5263671875 0.28195488721804524 0.4208984375 0.28195488721804524 0.4208984375 0.6071428571428572 0.5263671875 0.6071428571428573
3 0.6552734375 0.1278195488721806 0.591796875 0.1278195488721806 0.591796875 0.8721804511278197 0.6552734375 0.8721804511278197
3 0.44824218750000006 0.11654135338345874 0.3505859375 0.11654135338345872 0.35058593750000006 0.8947368421052632 0.4482421875000001 0.8947368421052632
3 0.6162109375 0.11278195488721816 0.5048828125 0.11278195488721815 0.5048828125 0.9229323308270679 0.6162109375 0.9229323308270679
3 0.736328125 0.16541353383458662 0.630859375 0.16541353383458662 0.630859375 0.8909774436090228 0.736328125 0.8909774436090228
3 0.26757812500000006 0.1203007518796993 0.1572265625 0.1203007518796993 0.15722656250000003 0.9530075187969925 0.2675781250000001 0.9530075187969925
3 0.5322265625 0.13721804511278207 0.4326171875 0.13721804511278207 0.43261718750000006 0.9530075187969926 0.5322265625 0.9530075187969927
3 0.37890625000000006 0.13533834586466173 0.267578125 0.1353383458646617 0.26757812500000006 0.956766917293233 0.3789062500000001 0.956766917293233
3 0.18261718750000003 0.12218045112781957 0.042968750000000014 0.12218045112781954 0.04296875000000004 0.9943609022556391 0.18261718750000006 0.9943609022556391
0 0.4453125 0.08458646616541364 0.3994140625 0.08458646616541364 0.3994140625 0.16165413533834597 0.4453125 0.16165413533834597
0 0.228515625 0.10714285714285719 0.173828125 0.10714285714285719 0.173828125 0.20676691729323313 0.228515625 0.20676691729323313
0 0.27734375 0.1278195488721805 0.2353515625 0.1278195488721805 0.2353515625 0.19360902255639104 0.27734375 0.19360902255639104
0 0.5361328125 0.11842105263157907 0.494140625 0.11842105263157905 0.494140625 0.20300751879699258 0.5361328125 0.20300751879699258
0 0.408203125 0.12593984962406027 0.357421875 0.12593984962406027 0.357421875 0.1973684210526317 0.408203125 0.1973684210526317
0 0.3544921875 0.12593984962406024 0.298828125 0.1259398496240602 0.298828125 0.19924812030075195 0.3544921875 0.19924812030075198
3 0.4599609375 0.08082706766917302 0.39453125 0.08082706766917301 0.39453125 0.2687969924812031 0.4599609375 0.2687969924812031
0 0.5810546875 0.13157894736842118 0.5302734375 0.13157894736842116 0.5302734375 0.22180451127819562 0.5810546875 0.22180451127819564
0 0.15234375 0.1409774436090226 0.0908203125 0.14097744360902256 0.09082031250000001 0.22744360902255642 0.15234375 0.22744360902255645