0 0.4792207792207792 0.3087248322147652 0.4142857142857143 0.3087248322147652 0.4142857142857143 0.39597315436241626 0.4792207792207792 0.39597315436241626
0 0.21688311688311687 0.31543624161073824 0.1441558441558442 0.31543624161073824 0.1441558441558442 0.40268456375838924 0.21688311688311687 0.40268456375838924
0 0.7311688311688311 0.35123042505592855 0.6766233766233766 0.35123042505592855 0.6766233766233766 0.4071588366890382 0.7311688311688311 0.4071588366890382
0 0.5805194805194805 0.3736017897091724 0.5168831168831168 0.3736017897091724 0.5168831168831168 0.4474272930648771 0.5805194805194805 0.4474272930648771
0 0.35584415584415585 0.40268456375838935 0.2961038961038961 0.40268456375838924 0.2961038961038961 0.47427293064876963 0.35584415584415585 0.4742729306487697
0 0.874025974025974 0.42505592841163325 0.8155844155844156 0.42505592841163325 0.8155844155844156 0.48098434004474283 0.874025974025974 0.48098434004474283
4 0.4857142857142857 0.4272930648769576 0.37142857142857144 0.4272930648769576 0.37142857142857144 0.70917225950783 0.4857142857142857 0.70917225950783
4 0.24805194805194808 0.4563758389261745 0.1415584415584416 0.4563758389261745 0.1415584415584416 0.7002237136465325 0.24805194805194813 0.7002237136465325
4 0.7688311688311689 0.4653243847874722 0.6480519480519481 0.4653243847874722 0.6480519480519481 0.7494407158836691 0.7688311688311689 0.7494407158836691
4 0.6025974025974026 0.48098434004474283 0.5142857142857142 0.48098434004474283 0.5142857142857142 0.7539149888143176 0.6025974025974026 0.7539149888143176
3 0.509090909090909 0.30648769574944085 0.37402597402597404 0.30648769574944085 0.37402597402597404 0.9552572706935123 0.509090909090909 0.9552572706935123
4 0.37662337662337664 0.5167785234899329 0.2662337662337662 0.5167785234899329 0.26623376623376627 0.7651006711409396 0.37662337662337664 0.7651006711409396
3 0.7935064935064935 0.3445190156599554 0.625974025974026 0.3445190156599554 0.625974025974026 0.9597315436241614 0.7935064935064935 0.9597315436241614
3 0.6194805194805195 0.3668903803131992 0.5012987012987012 0.3668903803131992 0.5012987012987012 0.9552572706935124 0.6194805194805195 0.9552572706935125
3 0.26363636363636367 0.3243847874720358 0.1363636363636364 0.3243847874720358 0.1363636363636364 1 0.2636363636363637 1
3 0.36883116883116884 0.40268456375838935 0.2584415584415584 0.40268456375838924 0.25844155844155847 0.9507829977628636 0.36883116883116884 0.9507829977628636
3 0.8987012987012987 0.41387024608501133 0.7818181818181819 0.41387024608501133 0.7818181818181819 0.9507829977628638 0.8987012987012987 0.9507829977628638
4 0.8961038961038961 0.54586129753915 0.7896103896103897 0.54586129753915 0.7896103896103897 0.8366890380313202 0.8961038961038961 0.8366890380313202