3 0.78203125 0.012500000000000117 0.63359375 0.012500000000000103 0.63359375 0.4583333333333334 0.78203125 0.4583333333333334
2 0.76484375 0.14166666666666677 0.6390625 0.14166666666666677 0.6390625 0.4041666666666668 0.76484375 0.4041666666666668
0 0.56640625 0.2593750000000001 0.49296875 0.2593750000000001 0.49296875 0.37083333333333346 0.56640625 0.37083333333333346
0 0.43046875 0.2854166666666667 0.34765625 0.28541666666666665 0.34765625 0.4020833333333334 0.43046875 0.40208333333333346
3 0.4453125 0.2833333333333334 0.28515625 0.2833333333333333 0.28515625000000006 0.6302083333333334 0.4453125 0.6302083333333334
0 0.26406250000000003 0.39166666666666666 0.14921875000000004 0.39166666666666666 0.14921875000000004 0.5385416666666667 0.2640625000000001 0.5385416666666667
0 0.55625 0.4541666666666668 0.46171875 0.4541666666666668 0.46171875 0.5541666666666667 0.55625 0.5541666666666667
0 0.72421875 0.45729166666666676 0.62578125 0.45729166666666676 0.62578125 0.5635416666666667 0.72421875 0.5635416666666667
3 0.26796875000000003 0.36666666666666664 0.05078125000000004 0.36666666666666664 0.050781250000000056 0.8104166666666667 0.2679687500000001 0.8104166666666667
0 0.7734375 0.016666666666666784 0.67265625 0.016666666666666777 0.67265625 0.12395833333333345 0.7734375 0.12395833333333345
3 0.63984375 0.43645833333333345 0.459375 0.43645833333333345 0.4593750000000001 1 0.6398437500000002 1
2 0.64140625 0.5822916666666667 0.46953125 0.5822916666666667 0.46953125 0.903125 0.64140625 0.903125