3 0.2411764705882353 0.12833333333333338 0.19647058823529412 0.12833333333333338 0.19647058823529412 0.29833333333333334 0.2411764705882353 0.29833333333333334
3 0.28941176470588237 0.15833333333333338 0.22941176470588234 0.15833333333333338 0.22941176470588234 0.29500000000000004 0.28941176470588237 0.2950000000000001
0 0.7305882352941176 0.40833333333333344 0.6882352941176471 0.40833333333333344 0.6882352941176471 0.46666666666666684 0.7305882352941176 0.46666666666666684
0 0.16588235294117654 0.41833333333333333 0.1282352941176471 0.41833333333333333 0.1282352941176471 0.46 0.16588235294117654 0.46
0 0.9964705882352941 0.43166666666666687 0.951764705882353 0.43166666666666687 0.951764705882353 0.4933333333333335 0.9964705882352941 0.4933333333333335
3 1 0.43166666666666687 0.9094117647058824 0.43166666666666687 0.9094117647058824 0.6333333333333335 1 0.6333333333333335
3 0.7294117647058823 0.3966666666666668 0.6505882352941177 0.3966666666666668 0.6505882352941177 0.7116666666666669 0.7294117647058823 0.7116666666666669
0 0.9188235294117647 0.5483333333333336 0.8788235294117647 0.5483333333333336 0.8788235294117647 0.5816666666666669 0.9188235294117647 0.5816666666666669
3 0.21764705882352947 0.41833333333333333 0.11176470588235297 0.41833333333333333 0.11176470588235299 0.72 0.21764705882352947 0.72
3 0.9117647058823529 0.5250000000000002 0.7494117647058823 0.5250000000000002 0.7494117647058823 0.7483333333333335 0.9117647058823529 0.7483333333333335
0 0.08470588235294124 0.7383333333333333 0.036470588235294185 0.7383333333333333 0.036470588235294185 0.7866666666666666 0.08470588235294124 0.7866666666666666
3 0.10588235294117654 0.7316666666666667 6.324940527361035e-17 0.7316666666666667 7.254231333772852e-17 0.9466666666666667 0.10588235294117654 0.9466666666666667