0 0.8092948717948718 0.35398230088495586 0.6794871794871795 0.35398230088495586 0.6794871794871795 0.49557522123893816 0.8092948717948718 0.49557522123893816
0 0.5705128205128205 0.3805309734513276 0.46153846153846156 0.3805309734513276 0.46153846153846156 0.5044247787610621 0.5705128205128205 0.5044247787610621
0 0.3125 0.3827433628318584 0.19230769230769235 0.3827433628318584 0.19230769230769235 0.5066371681415929 0.3125 0.5066371681415929
0 0.44551282051282054 0.5088495575221239 0.34455128205128205 0.5088495575221239 0.3445512820512821 0.6216814159292036 0.44551282051282054 0.6216814159292036
3 0.8798076923076923 0.3517699115044249 0.6538461538461539 0.3517699115044249 0.6538461538461539 1.0000000000000002 0.8798076923076923 1.0000000000000002
3 0.6506410256410257 0.3761061946902656 0.453525641025641 0.3761061946902656 0.453525641025641 0.995575221238938 0.6506410256410257 0.995575221238938
3 0.326923076923077 0.3805309734513274 0.10256410256410262 0.3805309734513274 0.10256410256410263 1 0.32692307692307704 1
4 0.6073717948717948 0.5398230088495577 0.453525641025641 0.5398230088495577 0.453525641025641 0.8606194690265486 0.6073717948717948 0.8606194690265486
4 0.3253205128205129 0.5309734513274337 0.14102564102564108 0.5309734513274337 0.1410256410256411 0.8960176991150443 0.3253205128205129 0.8960176991150443
4 0.8782051282051282 0.5243362831858408 0.6634615384615384 0.5243362831858408 0.6634615384615384 0.9690265486725665 0.8782051282051282 0.9690265486725667
3 0.4823717948717949 0.5088495575221239 0.3108974358974359 0.5088495575221239 0.31089743589743596 1 0.4823717948717949 1
4 0.47435897435897434 0.6504424778761062 0.32852564102564114 0.6504424778761062 0.32852564102564114 0.9800884955752213 0.47435897435897434 0.9800884955752213