0 0.48951048951048953 0.526806526806527 0.4160839160839161 0.526806526806527 0.41608391608391615 0.5780885780885783 0.48951048951048953 0.5780885780885783
0 0.31993006993007 0.5326340326340326 0.24125874125874125 0.5326340326340326 0.2412587412587413 0.6048951048951049 0.31993006993007 0.6048951048951049
0 0.1774475524475525 0.5407925407925408 0.11013986013986019 0.5407925407925408 0.11013986013986019 0.5990675990675991 0.1774475524475525 0.5990675990675991
0 0.8784965034965035 0.5675990675990678 0.8138111888111889 0.5675990675990678 0.8138111888111889 0.610722610722611 0.8784965034965035 0.610722610722611
4 0.4973776223776224 0.6282051282051282 0.38723776223776235 0.6282051282051282 0.38723776223776235 0.8566433566433567 0.4973776223776224 0.8566433566433567
4 0.8854895104895105 0.632867132867133 0.7832167832167832 0.6328671328671329 0.7832167832167832 0.8519813519813522 0.8854895104895105 0.8519813519813523
4 0.20017482517482524 0.634032634032634 0.07255244755244761 0.634032634032634 0.07255244755244762 0.872960372960373 0.20017482517482527 0.872960372960373
3 0.37412587412587417 0.5233100233100233 0.2106643356643357 0.5233100233100233 0.21066433566433573 1 0.3741258741258742 1
3 0.5122377622377622 0.5233100233100234 0.3811188811188811 0.5233100233100233 0.38111888111888115 1 0.5122377622377622 1
4 0.3006993006993008 0.6573426573426573 0.22552447552447563 0.6573426573426573 0.22552447552447563 0.8671328671328671 0.3006993006993008 0.8671328671328671
3 0.20629370629370636 0.5326340326340326 0.05944055944055949 0.5326340326340326 0.059440559440559516 1 0.20629370629370639 1
3 0.7491258741258742 0.5407925407925409 0.5777972027972028 0.5407925407925409 0.5777972027972028 1 0.7491258741258742 1
3 0.8881118881118881 0.5594405594405596 0.7701048951048951 0.5594405594405596 0.7701048951048951 1.0000000000000002 0.8881118881118881 1.0000000000000002