0 0.3015625 0.3601851851851853 0.2838541666666667 0.3601851851851853 0.2838541666666667 0.38240740740740753 0.3015625 0.38240740740740753
0 0.23385416666666667 0.37407407407407406 0.21510416666666668 0.37407407407407406 0.21510416666666668 0.3972222222222222 0.23385416666666667 0.3972222222222222
0 0.46979166666666666 0.3787037037037038 0.4546875 0.3787037037037038 0.4546875 0.40185185185185196 0.46979166666666666 0.40185185185185196
0 0.1921875 0.387037037037037 0.1734375 0.387037037037037 0.1734375 0.4212962962962963 0.1921875 0.4212962962962963
2 0.3098958333333333 0.3870370370370371 0.28072916666666664 0.3870370370370371 0.28072916666666664 0.46574074074074084 0.3098958333333333 0.46574074074074084
2 0.3880208333333333 0.3925925925925927 0.3536458333333333 0.3925925925925927 0.3536458333333333 0.46944444444444455 0.3880208333333333 0.46944444444444455
2 0.24114583333333336 0.39814814814814814 0.20989583333333334 0.39814814814814814 0.20989583333333336 0.4740740740740741 0.2411458333333334 0.4740740740740741
3 0.3140625 0.3555555555555557 0.28177083333333336 0.3555555555555557 0.28177083333333336 0.5231481481481481 0.3140625 0.5231481481481481
2 0.48385416666666664 0.40185185185185196 0.4515625 0.40185185185185196 0.4515625 0.4787037037037038 0.48385416666666664 0.4787037037037039
3 0.390625 0.3574074074074075 0.3494791666666667 0.3574074074074075 0.3494791666666667 0.5324074074074074 0.390625 0.5324074074074074
3 0.4864583333333333 0.37222222222222234 0.4421875 0.37222222222222234 0.4421875 0.5277777777777779 0.4864583333333333 0.527777777777778
2 0.20208333333333336 0.4166666666666667 0.1703125 0.4166666666666667 0.17031250000000003 0.4962962962962963 0.2020833333333334 0.4962962962962963
3 0.24479166666666669 0.3685185185185186 0.2109375 0.3685185185185185 0.21093750000000003 0.5481481481481482 0.2447916666666667 0.5481481481481482
3 0.2072916666666667 0.3925925925925926 0.16927083333333334 0.3925925925925926 0.16927083333333337 0.5546296296296296 0.20729166666666674 0.5546296296296296