0 0.34791666666666676 0.5222222222222223 0.3131944444444445 0.5222222222222223 0.3131944444444445 0.5574074074074075 0.34791666666666676 0.5574074074074075
0 0.288888888888889 0.5259259259259259 0.25555555555555565 0.5259259259259259 0.25555555555555565 0.5592592592592592 0.288888888888889 0.5592592592592592
0 0.5881944444444445 0.5268518518518519 0.5506944444444445 0.5268518518518519 0.5506944444444445 0.5611111111111111 0.5881944444444445 0.5611111111111111
0 0.6715277777777777 0.5277777777777779 0.6333333333333333 0.5277777777777778 0.6333333333333333 0.5611111111111112 0.6715277777777777 0.5611111111111113
0 0.42430555555555555 0.5351851851851852 0.39305555555555555 0.5351851851851852 0.39305555555555555 0.5731481481481482 0.42430555555555555 0.5731481481481482
0 0.46597222222222223 0.5555555555555556 0.44027777777777777 0.5555555555555556 0.44027777777777777 0.5833333333333334 0.46597222222222223 0.5833333333333334
0 0.5131944444444444 0.5527777777777778 0.46041666666666664 0.5527777777777778 0.46041666666666664 0.587037037037037 0.5131944444444444 0.587037037037037
4 0.2875000000000001 0.5685185185185185 0.2423611111111112 0.5685185185185185 0.2423611111111112 0.6814814814814815 0.2875000000000001 0.6814814814814815
4 0.5958333333333333 0.5694444444444444 0.5368055555555555 0.5694444444444444 0.5368055555555555 0.6851851851851852 0.5958333333333333 0.6851851851851852
4 0.3465277777777779 0.5685185185185185 0.29375000000000007 0.5685185185185185 0.29375000000000007 0.6888888888888889 0.3465277777777779 0.6888888888888889
4 0.7104166666666667 0.5796296296296297 0.6340277777777777 0.5796296296296296 0.6340277777777777 0.6861111111111112 0.7104166666666667 0.6861111111111113
4 0.4284722222222222 0.5777777777777777 0.37569444444444444 0.5777777777777777 0.37569444444444444 0.7092592592592593 0.4284722222222222 0.7092592592592593
4 0.4548611111111111 0.5953703703703703 0.4284722222222222 0.5953703703703703 0.4284722222222222 0.7046296296296296 0.4548611111111111 0.7046296296296296
4 0.5125 0.6064814814814815 0.4527777777777778 0.6064814814814815 0.4527777777777778 0.737037037037037 0.5125 0.737037037037037
3 0.5972222222222222 0.5222222222222223 0.5354166666666667 0.5222222222222223 0.5354166666666667 0.8212962962962963 0.5972222222222222 0.8212962962962963
3 0.288888888888889 0.5194444444444445 0.23194444444444454 0.5194444444444445 0.23194444444444454 0.825 0.288888888888889 0.825
3 0.3500000000000001 0.5185185185185185 0.2909722222222223 0.5185185185185185 0.2909722222222223 0.8379629629629629 0.3500000000000001 0.8379629629629629
3 0.7020833333333333 0.5268518518518519 0.6291666666666667 0.5268518518518519 0.6291666666666667 0.8425925925925927 0.7020833333333333 0.8425925925925928
3 0.46458333333333335 0.5555555555555556 0.4263888888888889 0.5555555555555556 0.4263888888888889 0.8287037037037037 0.46458333333333335 0.8287037037037037
3 0.43194444444444446 0.5324074074074074 0.36666666666666664 0.5324074074074074 0.36666666666666664 0.8583333333333333 0.43194444444444446 0.8583333333333333
3 0.5312500000000001 0.5537037037037037 0.45208333333333334 0.5537037037037037 0.4520833333333334 0.8777777777777778 0.5312500000000001 0.8777777777777778