0 0.6078125 0.1629629629629631 0.5197916666666667 0.16296296296296306 0.5197916666666667 0.25462962962962976 0.6078125 0.25462962962962976
0 0.165625 0.2898148148148148 0.1151041666666667 0.2898148148148148 0.1151041666666667 0.3472222222222222 0.165625 0.3472222222222222
0 0.28125 0.3240740740740741 0.23645833333333333 0.32407407407407407 0.23645833333333333 0.38333333333333336 0.28125 0.3833333333333334
0 0.4479166666666667 0.35092592592592603 0.40208333333333335 0.35092592592592603 0.40208333333333335 0.42592592592592604 0.4479166666666667 0.42592592592592604
2 0.65625 0.31203703703703717 0.5114583333333333 0.31203703703703717 0.5114583333333333 0.4814814814814817 0.65625 0.4814814814814817
2 0.1994791666666667 0.3768518518518518 0.10625000000000002 0.3768518518518518 0.10625000000000002 0.46574074074074073 0.19947916666666674 0.46574074074074073
3 0.1994791666666667 0.29444444444444445 0.08125000000000003 0.29444444444444445 0.08125000000000003 0.6027777777777777 0.19947916666666674 0.6027777777777777
2 0.28177083333333336 0.3907407407407408 0.2078125 0.3907407407407407 0.20781250000000004 0.5064814814814815 0.28177083333333336 0.5064814814814815
3 0.34375 0.3203703703703704 0.2015625 0.32037037037037036 0.20156250000000003 0.6416666666666667 0.34375 0.6416666666666667
2 0.4635416666666667 0.4314814814814816 0.35885416666666664 0.4314814814814816 0.35885416666666664 0.5407407407407407 0.4635416666666667 0.5407407407407407
3 0.4739583333333333 0.3462962962962964 0.35885416666666664 0.3462962962962964 0.35885416666666664 0.6712962962962963 0.4739583333333333 0.6712962962962963
3 0.65625 0.15740740740740755 0.49635416666666665 0.15740740740740752 0.4963541666666667 0.9250000000000002 0.65625 0.9250000000000002