0 0.4361111111111111 0.17448680351906168 0.41759259259259257 0.17448680351906168 0.41759259259259257 0.21114369501466285 0.4361111111111111 0.21114369501466285
3 0.45740740740740743 0.17888563049853382 0.3990740740740741 0.17888563049853382 0.3990740740740741 0.35190615835777134 0.45740740740740743 0.35190615835777134
0 0.29907407407407405 0.3035190615835778 0.275 0.3035190615835778 0.275 0.32404692082111447 0.29907407407407405 0.32404692082111447
0 0.6666666666666666 0.32697947214076256 0.637962962962963 0.32697947214076256 0.637962962962963 0.36070381231671567 0.6666666666666666 0.3607038123167157
0 0.5148148148148148 0.33284457478005874 0.49907407407407406 0.33284457478005874 0.49907407407407406 0.3636363636363637 0.5148148148148148 0.3636363636363637
2 0.2851851851851852 0.33577712609970684 0.26944444444444443 0.33577712609970684 0.26944444444444443 0.37683284457478006 0.2851851851851852 0.37683284457478006
0 0.5879629629629629 0.3445747800586511 0.5675925925925925 0.3445747800586511 0.5675925925925925 0.373900293255132 0.5879629629629629 0.373900293255132
3 0.31203703703703706 0.29618768328445755 0.25833333333333336 0.29618768328445755 0.25833333333333336 0.4574780058651026 0.31203703703703706 0.4574780058651026
0 0.5527777777777778 0.3695014662756599 0.5342592592592592 0.3695014662756599 0.5342592592592592 0.3856304985337245 0.5527777777777778 0.3856304985337245
3 0.5166666666666667 0.32991202346041065 0.49537037037037035 0.32991202346041065 0.49537037037037035 0.47947214076246353 0.5166666666666667 0.47947214076246353
3 0.6768518518518518 0.3299120234604107 0.6388888888888888 0.32991202346041065 0.6388888888888888 0.5000000000000002 0.6768518518518518 0.5000000000000002
3 0.5861111111111111 0.34604105571847515 0.5509259259259259 0.34604105571847515 0.5509259259259259 0.48680351906158376 0.5861111111111111 0.48680351906158376
3 0.5574074074074075 0.3504398826979473 0.5194444444444445 0.3504398826979473 0.5194444444444445 0.5146627565982407 0.5574074074074075 0.5146627565982407
0 0.9435185185185185 0.5791788856304987 0.9148148148148149 0.5791788856304987 0.9148148148148149 0.6304985337243404 0.9435185185185185 0.6304985337243404
3 0.9462962962962963 0.5791788856304987 0.9101851851851852 0.5791788856304987 0.9101851851851852 0.681818181818182 0.9462962962962963 0.681818181818182