0 0.73875 0.3825757575757577 0.675 0.3825757575757577 0.675 0.45075757575757586 0.73875 0.45075757575757586
0 0.51625 0.4356060606060607 0.485 0.4356060606060607 0.485 0.4810606060606062 0.51625 0.4810606060606062
0 0.4775 0.45454545454545464 0.43125 0.45454545454545464 0.43125 0.4981060606060606 0.4775 0.4981060606060606
0 0.6 0.4583333333333334 0.57 0.4583333333333334 0.57 0.49431818181818193 0.6 0.49431818181818205
0 0.655 0.4678030303030304 0.60875 0.4678030303030304 0.60875 0.5113636363636366 0.655 0.5113636363636366
0 0.24625000000000008 0.4753787878787879 0.18750000000000008 0.4753787878787879 0.18750000000000008 0.5246212121212122 0.24625000000000008 0.5246212121212122
0 0.38375 0.475378787878788 0.3425 0.475378787878788 0.3425 0.5378787878787878 0.38375 0.5378787878787878
4 0.60125 0.5018939393939394 0.55375 0.5018939393939394 0.55375 0.600378787878788 0.60125 0.6003787878787881
4 0.52625 0.5018939393939394 0.48125 0.5018939393939394 0.48125 0.6325757575757576 0.52625 0.6325757575757576
4 0.7775 0.4696969696969698 0.65875 0.4696969696969698 0.65875 0.6931818181818183 0.7775 0.6931818181818183
3 0.62 0.45075757575757586 0.55625 0.45075757575757586 0.55625 0.7178030303030304 0.62 0.7178030303030305
4 0.49375 0.509469696969697 0.43125 0.509469696969697 0.43125 0.6818181818181818 0.49375 0.6818181818181818
4 0.655 0.5303030303030305 0.5925 0.5303030303030305 0.5925 0.6685606060606063 0.655 0.6685606060606063
4 0.3925 0.5416666666666666 0.33125 0.5416666666666666 0.33125 0.6912878787878788 0.3925 0.6912878787878788
4 0.2587500000000001 0.5340909090909091 0.17125000000000007 0.5340909090909091 0.17125000000000007 0.7121212121212122 0.2587500000000001 0.7121212121212122
3 0.54875 0.4393939393939395 0.475 0.4393939393939395 0.475 0.8106060606060606 0.54875 0.8106060606060606
3 0.78625 0.3731060606060607 0.65875 0.3731060606060607 0.65875 0.878787878787879 0.78625 0.878787878787879
3 0.66375 0.4583333333333334 0.58875 0.4583333333333334 0.58875 0.8181818181818183 0.66375 0.8181818181818183
3 0.50625 0.4450757575757577 0.4225 0.4450757575757577 0.4225 0.8409090909090909 0.50625 0.8409090909090909
3 0.3975 0.4734848484848486 0.32 0.4734848484848486 0.32 0.8446969696969697 0.3975 0.8446969696969697
3 0.26250000000000007 0.4696969696969697 0.16250000000000006 0.4696969696969697 0.16250000000000006 0.884469696969697 0.26250000000000007 0.884469696969697