0 0.7409579667644184 0.23211678832116805 0.6891495601173021 0.23211678832116805 0.6891495601173021 0.30072992700729945 0.7409579667644184 0.30072992700729945
0 0.5894428152492669 0.2846715328467154 0.544477028347996 0.2846715328467154 0.544477028347996 0.3357664233576643 0.5894428152492669 0.3357664233576643
0 0.19550342130987297 0.34014598540145985 0.1534701857282503 0.34014598540145985 0.1534701857282503 0.38686131386861317 0.19550342130987297 0.38686131386861317
4 0.7761485826001955 0.3226277372262775 0.6852394916911045 0.3226277372262775 0.6852394916911045 0.5065693430656936 0.7761485826001955 0.5065693430656936
4 0.5992179863147605 0.3576642335766424 0.5268817204301075 0.3576642335766424 0.5268817204301075 0.5094890510948906 0.5992179863147605 0.5094890510948906
4 0.4868035190615836 0.3751824817518249 0.4115347018572825 0.37518248175182484 0.4115347018572825 0.54014598540146 0.4868035190615836 0.54014598540146
4 0.2697947214076246 0.3897810218978102 0.21798631476050837 0.3897810218978102 0.21798631476050837 0.5401459854014599 0.2697947214076246 0.5401459854014599
3 0.7839687194525904 0.232116788321168 0.6793743890518084 0.23211678832116797 0.6793743890518084 0.7313868613138688 0.7839687194525904 0.7313868613138688
4 0.20234604105571852 0.42773722627737226 0.14173998044965794 0.42773722627737226 0.14173998044965794 0.5386861313868613 0.20234604105571852 0.5386861313868613
3 0.6226783968719453 0.27883211678832126 0.5112414467253177 0.27883211678832126 0.5112414467253177 0.7167883211678834 0.6226783968719453 0.7167883211678834
3 0.289345063538612 0.3255474452554745 0.21407624633431085 0.32554744525547447 0.21407624633431088 0.6978102189781021 0.28934506353861206 0.6978102189781021
3 0.20723362658846534 0.3284671532846715 0.12218963831867061 0.3284671532846715 0.12218963831867062 0.6963503649635037 0.20723362658846536 0.6963503649635037
3 0.5141739980449658 0.305109489051095 0.40762463343108507 0.305109489051095 0.4076246334310851 0.7313868613138687 0.5141739980449658 0.7313868613138688
3 0.40566959921798634 0.3576642335766424 0.3391984359726295 0.3576642335766424 0.33919843597262955 0.7167883211678832 0.4056695992179864 0.7167883211678832