0 0.13769531250000003 0.3284457478005865 0.09082031250000003 0.3284457478005865 0.09082031250000003 0.40175953079178883 0.13769531250000006 0.40175953079178883
0 0.353515625 0.3533724340175954 0.2578125 0.3533724340175954 0.2578125 0.5205278592375366 0.353515625 0.5205278592375366
4 0.13671875000000006 0.41348973607038125 0.06445312500000003 0.41348973607038125 0.06445312500000004 0.5395894428152492 0.13671875000000006 0.5395894428152492
0 0.5849609375 0.49560117302052803 0.5673828125 0.49560117302052803 0.5673828125 0.5219941348973609 0.5849609375 0.5219941348973609
3 0.15136718750000003 0.3196480938416422 0.05957031250000003 0.3196480938416422 0.05957031250000004 0.7360703812316716 0.15136718750000006 0.7360703812316716
4 0.59765625 0.5219941348973609 0.568359375 0.5219941348973609 0.568359375 0.5718475073313785 0.59765625 0.5718475073313785
3 0.7431640625 0.49266862170087994 0.6982421875 0.49266862170087994 0.6982421875 0.6451612903225808 0.7431640625 0.6451612903225808
4 0.513671875 0.5469208211143697 0.490234375 0.5469208211143697 0.490234375 0.5923753665689151 0.513671875 0.5923753665689151
3 0.6044921875 0.48680351906158376 0.5576171875 0.48680351906158376 0.5576171875 0.6686217008797656 0.6044921875 0.6686217008797656
3 0.5205078125 0.5322580645161292 0.4853515625 0.5322580645161292 0.4853515625 0.6568914956011732 0.5205078125 0.6568914956011732
3 0.42675781250000006 0.35043988269794724 0.20507812500000006 0.35043988269794724 0.20507812500000006 0.8680351906158358 0.4267578125000001 0.8680351906158358