0 0.4677734375 0.18475073313783 0.3720703125 0.18475073313783 0.3720703125 0.2844574780058652 0.4677734375 0.2844574780058652
0 0.2998046875 0.1671554252199414 0.1826171875 0.1671554252199414 0.1826171875 0.32551319648093846 0.2998046875 0.3255131964809385
0 0.8056640625 0.3196480938416424 0.7060546875 0.3196480938416424 0.7060546875 0.4516129032258066 0.8056640625 0.4516129032258066
3 0.22167968750000003 0.020527859237536677 0.0029296875000000017 0.020527859237536656 0.0029296875000000416 1 0.22167968750000006 1
4 0.28417968750000006 0.32844574780058655 0.1435546875 0.3284457478005865 0.14355468750000003 0.7390029325513197 0.2841796875000001 0.7390029325513197
4 0.5498046875 0.3607038123167156 0.3251953125 0.3607038123167156 0.32519531250000006 0.7155425219941349 0.5498046875 0.715542521994135
4 0.18652343750000003 0.2727272727272727 0.00878906250000002 0.2727272727272727 0.008789062500000045 0.841642228739003 0.18652343750000006 0.841642228739003
3 0.31738281250000006 0.17008797653958949 0.1767578125 0.17008797653958949 0.17675781250000003 1 0.3173828125000001 1
3 0.5771484375 0.18475073313783 0.3212890625 0.18475073313782994 0.32128906250000006 1 0.5771484375 1
3 0.85546875 0.31378299120234615 0.6513671875 0.31378299120234615 0.6513671875 1 0.85546875 1
4 0.8525390625 0.5073313782991205 0.6630859375 0.5073313782991205 0.6630859375 0.9208211143695014 0.8525390625 0.9208211143695014
0 0.2255859375 0.02639296187683287 0.0419921875 0.026392961876832856 0.04199218750000001 0.21700879765395895 0.2255859375 0.21700879765395895