0 0.9270833333333334 0.21666666666666684 0.7729166666666667 0.2166666666666668 0.7729166666666667 0.414814814814815 0.9270833333333334 0.414814814814815
0 0.471875 0.3296296296296297 0.33125 0.3296296296296297 0.33125 0.5333333333333333 0.471875 0.5333333333333333
3 0.703125 1.324432834633434e-16 0.5135416666666667 1.1180571703326763e-16 0.5135416666666667 0.8703703703703706 0.703125 0.8703703703703706
3 0.2895833333333334 0.018518518518518556 0.022916666666666665 0.018518518518518524 0.022916666666666696 0.8629629629629629 0.28958333333333347 0.8629629629629629
4 0.26145833333333335 0.262962962962963 0.08333333333333336 0.26296296296296295 0.08333333333333338 0.7666666666666667 0.2614583333333334 0.7666666666666667
4 0.74375 0.251851851851852 0.5104166666666666 0.25185185185185194 0.5104166666666667 0.8666666666666669 0.74375 0.8666666666666669
3 0.9822916666666667 0.22037037037037055 0.7583333333333333 0.22037037037037052 0.7583333333333333 1.0000000000000002 0.9822916666666667 1.0000000000000004
3 0.5072916666666667 0.3351851851851853 0.29583333333333334 0.3351851851851853 0.2958333333333334 1 0.5072916666666668 1
1 0.9541666666666667 0.5870370370370372 0.74375 0.5870370370370372 0.74375 0.9907407407407407 0.9541666666666667 0.9907407407407407
0 0.684375 1.3255667668548665e-16 0.5333333333333333 1.1611465947471202e-16 0.5333333333333333 0.1777777777777779 0.684375 0.17777777777777792
0 0.22395833333333334 0.00555555555555559 0.08125 0.005555555555555574 0.08125 0.1777777777777778 0.22395833333333334 0.17777777777777784