0 0.70546875 0.09144196951934361 0.61328125 0.0914419695193436 0.61328125 0.21453692848769063 0.70546875 0.21453692848769063
0 0.61640625 0.1395076201641267 0.52109375 0.1395076201641267 0.52109375 0.2626025791324737 0.61640625 0.26260257913247376
0 0.2 0.2004689331770223 0.13125 0.20046893317702227 0.13125000000000003 0.283704572098476 0.2 0.28370457209847605
0 0.2796875 0.21453692848769057 0.21171875 0.21453692848769057 0.21171875 0.29894490035169996 0.2796875 0.29894490035169996
0 0.4671875 0.21570926143024627 0.4046875 0.21570926143024627 0.4046875 0.30597889800703415 0.4671875 0.30597889800703415
0 0.390625 0.21805392731535764 0.32578125 0.21805392731535764 0.32578125 0.30715123094958974 0.390625 0.3071512309495898
0 0.86875 0.23681125439624867 0.79921875 0.23681125439624867 0.79921875 0.3423212192262604 0.86875 0.3423212192262604
4 0.6046875 0.27549824150058627 0.5375 0.2754982415005862 0.5375 0.5087924970691677 0.6046875 0.5087924970691677
4 0.73203125 0.2661195779601408 0.6078125 0.2661195779601408 0.6078125 0.53810082063306 0.73203125 0.53810082063306
4 0.2 0.31535756154747946 0.13515625000000003 0.31535756154747946 0.13515625000000003 0.5134818288393904 0.2 0.5134818288393904
4 0.28828125 0.3305978898007034 0.21953125 0.3305978898007034 0.21953125 0.5123094958968347 0.28828125 0.5123094958968347
4 0.47890625 0.3388042203985933 0.40078125 0.3388042203985933 0.40078125 0.5169988276670576 0.47890625 0.5169988276670576
4 0.8984375 0.34466588511137175 0.79765625 0.34466588511137175 0.79765625 0.5509964830011724 0.8984375 0.5509964830011724
4 0.3828125 0.35638921453692857 0.32890625 0.3563892145369285 0.32890625 0.5404454865181713 0.3828125 0.5404454865181713
3 0.31484375000000003 0.2192262602579133 0.21328125 0.2192262602579133 0.21328125000000003 0.8264947245017585 0.3148437500000001 0.8264947245017585
3 0.20703125000000006 0.21101992966002348 0.12734375 0.21101992966002345 0.12734375000000003 0.8382180539273154 0.20703125000000008 0.8382180539273154
3 0.41015625 0.22508792497069174 0.3265625 0.22508792497069174 0.32656250000000003 0.8593200468933178 0.41015625 0.8593200468933178
3 0.74765625 0.10316529894490047 0.6078125 0.10316529894490045 0.6078125 0.9917936694021103 0.74765625 0.9917936694021104
3 0.62265625 0.12543962485345847 0.5203125 0.12543962485345847 0.5203125 1 0.62265625 1
3 0.91328125 0.23915592028136007 0.7875 0.23915592028136004 0.7875 0.9331770222743262 0.91328125 0.9331770222743262