0 0.41625 0.2851782363977487 0.35625 0.2851782363977487 0.35625 0.3696060037523453 0.41625 0.3696060037523453
0 0.7575 0.3151969981238275 0.71 0.3151969981238275 0.71 0.38649155722326467 0.7575 0.38649155722326467
0 0.71625 0.3076923076923078 0.6575 0.3076923076923078 0.6575 0.3996247654784241 0.71625 0.3996247654784241
0 0.85875 0.3133208255159476 0.80375 0.3133208255159476 0.80375 0.3958724202626643 0.85875 0.3958724202626643
0 0.53375 0.3302063789868669 0.47625 0.3302063789868669 0.47625 0.41088180112570366 0.53375 0.41088180112570366
0 0.36375 0.3452157598499063 0.31375 0.3452157598499063 0.31375 0.41088180112570366 0.36375 0.41088180112570366
0 0.24500000000000002 0.3789868667917448 0.18875 0.3789868667917448 0.18875000000000003 0.45778611632270166 0.24500000000000008 0.45778611632270166
4 0.43125 0.4127579737335836 0.33125 0.4127579737335836 0.33125 0.5984990619136961 0.43125 0.5984990619136961
4 0.72375 0.427767354596623 0.63875 0.427767354596623 0.63875 0.6153846153846156 0.72375 0.6153846153846156
4 0.87875 0.4277673545966231 0.77375 0.427767354596623 0.77375 0.6266416510318952 0.87875 0.6266416510318952
4 0.545 0.4446529080675423 0.45375 0.4446529080675423 0.45375 0.6416510318949343 0.545 0.6416510318949343
4 0.62125 0.45403377110694193 0.55125 0.45403377110694193 0.55125 0.6454033771106943 0.62125 0.6454033771106944
4 0.325 0.47091932457786123 0.24000000000000007 0.4709193245778612 0.24000000000000007 0.6679174484052532 0.325 0.6679174484052532
4 0.23625000000000007 0.4709193245778612 0.16625000000000006 0.4709193245778612 0.16625000000000006 0.6697936210131332 0.23625000000000007 0.6697936210131332
3 0.71625 0.3076923076923078 0.635 0.3076923076923078 0.635 0.8592870544090059 0.71625 0.8592870544090059
3 0.4412500000000001 0.2851782363977487 0.3175 0.2851782363977487 0.31750000000000006 0.8893058161350844 0.44125000000000014 0.8893058161350844
3 0.64125 0.352720450281426 0.55 0.352720450281426 0.55 0.8499061913696061 0.64125 0.8499061913696062
3 0.88375 0.3189493433395874 0.78125 0.31894934333958735 0.78125 0.8911819887429646 0.88375 0.8911819887429646
3 0.5625000000000001 0.3302063789868669 0.44875 0.3302063789868669 0.4487500000000001 0.8949343339587242 0.5625000000000001 0.8949343339587242
3 0.3287500000000001 0.37711069418386495 0.2375 0.3771106941838649 0.23750000000000004 0.8930581613508443 0.32875000000000015 0.8930581613508443