0 0.9475 0.25515947467167 0.89 0.25515947467167 0.89 0.3151969981238276 0.9475 0.3151969981238276
0 0.55125 0.26454033771106955 0.5 0.26454033771106955 0.5 0.3133208255159476 0.55125 0.3133208255159476
0 0.78875 0.26454033771106955 0.72375 0.26454033771106955 0.72375 0.3133208255159476 0.78875 0.3133208255159476
0 0.695 0.26454033771106955 0.63625 0.26454033771106955 0.63625 0.31894934333958735 0.695 0.31894934333958735
0 0.235 0.2682926829268293 0.1825 0.2682926829268293 0.1825 0.32645403377110693 0.235 0.32645403377110693
0 0.39375 0.2926829268292684 0.34875 0.2926829268292684 0.34875 0.3320825515947468 0.39375 0.3320825515947468
0 0.12875000000000003 0.2926829268292683 0.07375000000000002 0.2926829268292683 0.07375000000000002 0.3433395872420263 0.12875000000000003 0.3433395872420263
0 0.86 0.29831144465290815 0.8025 0.29831144465290815 0.8025 0.3414634146341464 0.86 0.3414634146341464
0 0.48125 0.29831144465290815 0.44 0.29831144465290815 0.44 0.34896810506566617 0.48125 0.34896810506566617
0 0.325 0.2983114446529081 0.27125 0.29831144465290804 0.27125 0.36022514071294565 0.325 0.3602251407129457
0 0.62875 0.31144465290806767 0.5775 0.31144465290806767 0.5775 0.35647279549718586 0.62875 0.35647279549718586
0 0.73375 0.3302063789868669 0.67625 0.3302063789868669 0.67625 0.38273921200750477 0.73375 0.38273921200750477
0 0.64 0.3395872420262665 0.595 0.3395872420262665 0.595 0.3752345215759851 0.64 0.3752345215759851
3 0.79625 0.25140712945591004 0.73 0.25140712945591004 0.73 0.8198874296435275 0.79625 0.8198874296435275
3 0.965 0.24953095684803017 0.86 0.24953095684803012 0.86 0.8255159474671672 0.965 0.8255159474671672
3 0.265 0.2607879924953096 0.15250000000000002 0.2607879924953096 0.15250000000000005 0.8255159474671669 0.26500000000000007 0.8255159474671669
3 0.565 0.2682926829268294 0.4825 0.2682926829268294 0.4825 0.8198874296435272 0.565 0.8198874296435272
3 0.35375 0.302063789868668 0.25125 0.30206378986866794 0.25125000000000003 0.7898686679174484 0.35375 0.7898686679174484
3 0.4025 0.27954971857410893 0.3325 0.27954971857410893 0.3325 0.8142589118198874 0.4025 0.8142589118198874
3 0.49125 0.31144465290806767 0.43625 0.31144465290806767 0.43625 0.7879924953095685 0.49125 0.7879924953095685
3 0.86625 0.29831144465290815 0.77625 0.29831144465290815 0.77625 0.8067542213883679 0.86625 0.8067542213883679
3 0.16625000000000004 0.2926829268292683 0.05250000000000002 0.2926829268292683 0.05250000000000005 0.8367729831144465 0.16625000000000006 0.8367729831144465
3 0.46375 0.35459662288930593 0.365 0.35459662288930593 0.365 0.7917448405253283 0.46375 0.7917448405253283
3 0.73625 0.3245778611632271 0.65625 0.3245778611632271 0.65625 0.8255159474671672 0.73625 0.8255159474671672
3 0.645 0.3302063789868669 0.565 0.3302063789868669 0.565 0.8442776735459664 0.645 0.8442776735459664