0 0.7554347826086957 0.23429951690821266 0.5960144927536232 0.23429951690821263 0.5960144927536232 0.422705314009662 0.7554347826086957 0.422705314009662
0 0.4257246376811594 0.3043478260869566 0.34057971014492755 0.3043478260869566 0.34057971014492755 0.40338164251207737 0.4257246376811594 0.4033816425120774
0 0.8858695652173914 0.3550724637681161 0.7717391304347826 0.3550724637681161 0.7717391304347826 0.49033816425120785 0.8858695652173914 0.49033816425120785
0 0.2554347826086957 0.3357487922705314 0.08152173913043481 0.3357487922705314 0.08152173913043483 0.5096618357487923 0.2554347826086957 0.5096618357487923
4 0.4148550724637682 0.4251207729468599 0.3351449275362319 0.4251207729468599 0.33514492753623193 0.6135265700483091 0.41485507246376824 0.6135265700483091
3 0.5217391304347826 0.36473429951690833 0.4528985507246377 0.36473429951690833 0.45289855072463775 0.7222222222222222 0.5217391304347826 0.7222222222222222
3 0.8387681159420289 0.23429951690821266 0.519927536231884 0.23429951690821263 0.519927536231884 1 0.8387681159420289 1
3 0.4293478260869566 0.3067632850241547 0.3061594202898551 0.3067632850241547 0.3061594202898551 0.9951690821256038 0.42934782608695665 0.9951690821256038
3 0.26811594202898553 0.33816425120772947 0.07789855072463771 0.33816425120772947 0.07789855072463775 0.9903381642512077 0.2681159420289856 0.9903381642512077
4 0.822463768115942 0.4734299516908214 0.5869565217391305 0.4734299516908214 0.5869565217391305 0.9685990338164251 0.822463768115942 0.9685990338164251
4 0.25181159420289867 0.5700483091787439 0.09057971014492759 0.5700483091787439 0.0905797101449276 0.8743961352657005 0.25181159420289867 0.8743961352657005