0 0.2633333333333333 0.24000000000000002 0.19 0.24 0.19000000000000003 0.30666666666666664 0.2633333333333333 0.30666666666666664
0 0.6116666666666667 0.24666666666666676 0.545 0.24666666666666673 0.545 0.3000000000000001 0.6116666666666667 0.3000000000000001
0 0.84 0.26222222222222236 0.7666666666666667 0.26222222222222236 0.7666666666666667 0.3200000000000001 0.84 0.3200000000000001
0 0.49 0.2733333333333334 0.4166666666666667 0.2733333333333334 0.4166666666666667 0.3244444444444446 0.49 0.3244444444444446
0 0.4066666666666667 0.2800000000000001 0.345 0.2800000000000001 0.345 0.33333333333333337 0.4066666666666667 0.3333333333333335
4 0.655 0.36222222222222233 0.5366666666666666 0.36222222222222233 0.5366666666666666 0.5888888888888889 0.655 0.5888888888888889
4 0.5266666666666666 0.388888888888889 0.4066666666666667 0.388888888888889 0.40666666666666673 0.5911111111111111 0.5266666666666666 0.5911111111111111
4 0.39333333333333337 0.3777777777777778 0.29833333333333334 0.37777777777777777 0.2983333333333334 0.6066666666666667 0.3933333333333334 0.6066666666666667
4 0.8616666666666667 0.39555555555555566 0.7483333333333333 0.39555555555555566 0.7483333333333333 0.6333333333333334 0.8616666666666667 0.6333333333333336
4 0.2700000000000001 0.3711111111111111 0.13000000000000006 0.3711111111111111 0.13000000000000006 0.6622222222222223 0.2700000000000001 0.6622222222222223
3 0.6983333333333334 0.2600000000000001 0.5366666666666666 0.26000000000000006 0.5366666666666666 0.9111111111111111 0.6983333333333334 0.9111111111111111
3 0.555 0.26000000000000006 0.4166666666666667 0.26000000000000006 0.41666666666666674 0.92 0.555 0.92
3 0.8916666666666667 0.268888888888889 0.74 0.268888888888889 0.74 0.9311111111111112 0.8916666666666667 0.9311111111111113
3 0.405 0.2844444444444445 0.28833333333333333 0.28444444444444444 0.2883333333333334 0.9355555555555556 0.4050000000000001 0.9355555555555556
3 0.2666666666666667 0.2466666666666667 0.10666666666666667 0.24666666666666667 0.10666666666666672 1 0.2666666666666668 1