0 0.23400000000000004 0.26027397260273977 0.12000000000000002 0.2602739726027397 0.12000000000000002 0.38904109589041097 0.23400000000000007 0.38904109589041097
0 0.814 0.2657534246575344 0.642 0.2657534246575343 0.642 0.4383561643835618 0.814 0.4383561643835618
2 0.968 0.34794520547945224 0.786 0.34794520547945224 0.786 0.7863013698630138 0.968 0.786301369863014
3 0.48000000000000004 0.19452054794520557 0.286 0.19452054794520557 0.28600000000000003 1 0.4800000000000001 1
2 0.48200000000000004 0.3945205479452056 0.276 0.39452054794520547 0.2760000000000001 0.8082191780821918 0.4820000000000001 0.8082191780821918
2 0.26600000000000007 0.4794520547945205 0.11400000000000006 0.4794520547945205 0.11400000000000006 0.7671232876712328 0.2660000000000001 0.7671232876712328
3 0.844 0.2575342465753426 0.612 0.2575342465753425 0.612 1 0.844 1
3 0.2720000000000001 0.26027397260273977 0.128 0.2602739726027397 0.12800000000000006 1 0.27200000000000013 1
2 0.14200000000000007 0.4136986301369863 3.6984333334250065e-17 0.4136986301369863 5.743593488001086e-17 0.8712328767123287 0.14200000000000007 0.8712328767123287
2 0.846 0.5260273972602741 0.616 0.5260273972602741 0.616 0.9068493150684932 0.846 0.9068493150684932
0 0.912 0.15342465753424672 0.766 0.1534246575342467 0.766 0.27123287671232893 0.912 0.27123287671232893
0 0.434 0.2054794520547946 0.306 0.2054794520547946 0.306 0.3287671232876713 0.434 0.3287671232876713
0 0.14400000000000002 0.1780821917808219 1.592040838891559e-17 0.1780821917808219 2.4125541943202857e-17 0.36164383561643837 0.14400000000000004 0.36164383561643837