0 0.6848040597688188 0.39538648320518016 0.6532280800676629 0.39538648320518016 0.6532280800676629 0.43180898421691644 0.6848040597688188 0.43180898421691644
0 0.7620524386805752 0.406313233508701 0.7245559627854525 0.406313233508701 0.7245559627854525 0.4431404289761232 0.7620524386805752 0.4431404289761232
0 0.33718635466591484 0.41157426143261844 0.29151395545531433 0.41157426143261844 0.29151395545531433 0.44637798462161066 0.33718635466591484 0.44637798462161066
0 0.19058359176769107 0.42776203966005666 0.13363405694953484 0.42776203966005666 0.13363405694953484 0.4706596519627681 0.19058359176769107 0.4706596519627681
4 0.7073583309839301 0.45042492917847043 0.6340569495348182 0.45042492917847043 0.6340569495348182 0.6021853500607044 0.7073583309839301 0.6021853500607044
4 0.7919368480405977 0.464184540671793 0.7118691852269523 0.464184540671793 0.7118691852269523 0.6224200728450022 0.7919368480405977 0.6224200728450022
3 0.7003101212292078 0.38729259409146105 0.6298280236819848 0.38729259409146105 0.6298280236819848 0.7215702144880617 0.7003101212292078 0.7215702144880617
4 0.3755286157316042 0.47389720760825577 0.25429940795038064 0.47389720760825577 0.25429940795038064 0.6365843787940105 0.3755286157316042 0.6365843787940105
3 0.7981392726247533 0.3751517604208824 0.7115872568367635 0.37515176042088233 0.7115872568367635 0.75677863213274 0.7981392726247533 0.75677863213274
4 0.22948970961375817 0.48725212464589235 0.1105159289540457 0.48725212464589235 0.11051592895404572 0.6576284904896803 0.22948970961375817 0.6576284904896803
3 0.37101776148858195 0.39538648320518016 0.2576825486326474 0.3953864832051801 0.2576825486326474 0.7810602994738972 0.371017761488582 0.7810602994738972
3 0.23005356639413596 0.42776203966005666 0.11953763744009024 0.42776203966005666 0.11953763744009027 0.8025091056252529 0.23005356639413596 0.8025091056252529