4 0.17024827873982895 0.368060091443501 0.10723972459837268 0.368060091443501 0.10723972459837268 0.49412148922273025 0.17024827873982895 0.49412148922273025
4 0.6741080742749843 0.38765512736773367 0.6350928437304402 0.38765512736773367 0.6350928437304402 0.49216198563030716 0.6741080742749843 0.49216198563030716
4 0.7283538493636553 0.4039843239712608 0.6851658668892134 0.4039843239712608 0.6851658668892134 0.49216198563030716 0.7283538493636553 0.49216198563030716
4 0.5474650532025871 0.3974526453298499 0.5057375339036094 0.3974526453298499 0.5057375339036094 0.5117570215545396 0.5474650532025871 0.5117570215545396
3 0.7337784268725225 0.351730894839974 0.6830794909242646 0.351730894839974 0.6830794909242646 0.6358589157413457 0.7337784268725225 0.6358589157413457
3 0.676820363029418 0.33866753755715234 0.6267473398706447 0.33866753755715234 0.6267473398706447 0.67472240365774 0.676820363029418 0.67472240365774
3 0.5558105570623827 0.3484650555192686 0.4973920300438139 0.3484650555192686 0.4973920300438139 0.67472240365774 0.5558105570623827 0.67472240365774
4 0.3511370749008972 0.3843892880470281 0.23242228249530567 0.3843892880470281 0.2324222824953057 0.6489222730241672 0.35113707490089724 0.6489222730241672
4 0.4867515126225746 0.38504245591116926 0.3546839140413102 0.38504245591116915 0.3546839140413103 0.6606792945787068 0.4867515126225746 0.6606792945787069
3 0.21322762361777597 0.31482691051600264 0.14875860630085547 0.3148269105160026 0.14875860630085547 0.7462442847811888 0.21322762361777597 0.7462442847811888
3 0.49593156686834966 0.19823644676681915 0.370123096181932 0.19823644676681915 0.370123096181932 1 0.49593156686834966 1
3 0.37346129772585024 0.20476812540822995 0.17817650740663468 0.20476812540822992 0.1781765074066347 1 0.3734612977258503 1
0 0.3342374295848112 0.22207707380796873 0.27060296265387024 0.22207707380796873 0.27060296265387024 0.30013063357282826 0.3342374295848112 0.30013063357282826
0 0.4583767994992698 0.24069235793598961 0.3889004798664719 0.24069235793598961 0.3889004798664719 0.3223383409536252 0.4583767994992698 0.3223383409536252