4 0.66875 0.28217821782178226 0.475 0.28217821782178226 0.475 0.7722772277227723 0.66875 0.7722772277227723
4 0.4125 0.2673267326732674 0.271875 0.2673267326732674 0.27187500000000003 0.8861386138613861 0.4125 0.8861386138613861
4 0.909375 0.3217821782178219 0.69375 0.3217821782178219 0.69375 0.8762376237623763 0.909375 0.8762376237623766
4 0.27812500000000007 0.3415841584158416 0.012500000000000028 0.3415841584158416 0.012500000000000048 0.8712871287128713 0.27812500000000007 0.8712871287128713
0 0.3 3.091930037451238e-17 0.01875 3.637564749942633e-18 0.018750000000000006 0.17821782178217827 0.3 0.1782178217821783
0 0.403125 0.019801980198019868 0.278125 0.019801980198019854 0.278125 0.17326732673267334 0.403125 0.17326732673267334
0 0.853125 0.024752475247524903 0.665625 0.024752475247524885 0.665625 0.21782178217821796 0.853125 0.21782178217821796
0 0.6375 0.07425742574257437 0.5 0.07425742574257437 0.5 0.21287128712871298 0.6375 0.212871287128713
3 0.30312500000000003 3.0616169978683836e-17 0.0125 2.4250431666284224e-18 0.012500000000000035 0.900990099009901 0.3031250000000001 0.900990099009901
3 0.925 0.014851485148515005 0.653125 0.01485148514851498 0.653125 0.8910891089108912 0.925 0.8910891089108913
3 0.43125 0.009900990099009969 0.28125 0.009900990099009953 0.28125000000000006 0.905940594059406 0.43125 0.905940594059406
3 0.68125 0.07425742574257437 0.465625 0.07425742574257435 0.465625 0.8465346534653465 0.68125 0.8465346534653465