1 0.7635416666666667 0.1333333333333335 0.6989583333333333 0.1333333333333335 0.6989583333333333 0.21018518518518534 0.7635416666666667 0.21018518518518534
1 0.884375 0.17037037037037056 0.8177083333333334 0.17037037037037053 0.8177083333333334 0.264814814814815 0.884375 0.264814814814815
1 0.31354166666666666 0.17870370370370375 0.25104166666666666 0.17870370370370375 0.25104166666666666 0.2620370370370371 0.31354166666666666 0.2620370370370371
1 0.5921875 0.18148148148148158 0.5380208333333333 0.18148148148148158 0.5380208333333333 0.2703703703703705 0.5921875 0.2703703703703705
1 0.10468750000000003 0.2212962962962963 0.039062500000000014 0.2212962962962963 0.03906250000000002 0.325 0.10468750000000003 0.325
3 0.7895833333333333 0.12870370370370385 0.6536458333333334 0.12870370370370385 0.6536458333333334 0.551851851851852 0.7895833333333333 0.551851851851852
4 0.7588541666666667 0.24907407407407423 0.6744791666666666 0.24907407407407417 0.6744791666666666 0.5212962962962965 0.7588541666666667 0.5212962962962965
4 0.7588541666666667 0.25833333333333347 0.665625 0.2583333333333334 0.665625 0.5175925925925928 0.7588541666666667 0.5175925925925928
4 0.8734375 0.29537037037037056 0.7869791666666667 0.29537037037037056 0.7869791666666667 0.5666666666666669 0.8734375 0.5666666666666669
4 0.6119791666666666 0.2925925925925927 0.5182291666666666 0.2925925925925927 0.5182291666666666 0.577777777777778 0.6119791666666666 0.577777777777778
4 0.3385416666666667 0.31018518518518523 0.221875 0.3101851851851852 0.22187500000000002 0.5907407407407408 0.3385416666666667 0.5907407407407408
4 0.16093750000000004 0.34814814814814815 0.0666666666666667 0.34814814814814815 0.0666666666666667 0.5648148148148148 0.16093750000000007 0.5648148148148148
3 0.6161458333333333 0.19351851851851865 0.48333333333333334 0.19351851851851862 0.4833333333333334 0.938888888888889 0.6161458333333333 0.9388888888888891
3 0.17500000000000002 0.23055555555555557 0.02864583333333335 0.23055555555555557 0.02864583333333337 0.9101851851851852 0.17500000000000007 0.9101851851851852
3 0.9072916666666667 0.1537037037037039 0.7697916666666667 0.15370370370370387 0.7697916666666667 1 0.9072916666666667 1
3 0.3682291666666667 0.20555555555555563 0.2109375 0.2055555555555556 0.21093750000000003 0.9555555555555556 0.3682291666666668 0.9555555555555556