0 0.5177777777777778 0.2800000000000001 0.46555555555555556 0.2800000000000001 0.46555555555555556 0.3400000000000001 0.5177777777777778 0.3400000000000001
0 0.5966666666666667 0.2666666666666668 0.5488888888888889 0.2666666666666668 0.5488888888888889 0.35833333333333345 0.5966666666666667 0.35833333333333345
0 0.2111111111111111 0.2866666666666667 0.15444444444444444 0.2866666666666667 0.15444444444444444 0.345 0.2111111111111111 0.345
1 0.44 0.28666666666666674 0.3788888888888889 0.28666666666666674 0.3788888888888889 0.36166666666666675 0.44 0.36166666666666675
2 0.2188888888888889 0.3466666666666667 0.12111111111111114 0.3466666666666667 0.12111111111111114 0.5233333333333333 0.21888888888888894 0.5233333333333333
2 0.5388888888888889 0.35333333333333344 0.44222222222222224 0.35333333333333344 0.44222222222222224 0.5583333333333335 0.5388888888888889 0.5583333333333336
2 0.6066666666666667 0.3750000000000001 0.5455555555555556 0.3750000000000001 0.5455555555555556 0.5466666666666669 0.6066666666666667 0.5466666666666669
2 0.44222222222222224 0.3700000000000001 0.33666666666666667 0.3700000000000001 0.33666666666666667 0.5683333333333334 0.44222222222222224 0.5683333333333334
3 0.24000000000000002 0.2833333333333333 0.11777777777777781 0.2833333333333333 0.11777777777777783 0.7516666666666667 0.24000000000000007 0.7516666666666667
3 0.6488888888888888 0.2700000000000001 0.5344444444444445 0.2700000000000001 0.5344444444444445 0.7783333333333335 0.6488888888888888 0.7783333333333335
3 0.5477777777777778 0.27833333333333343 0.43777777777777777 0.27833333333333343 0.4377777777777778 0.7750000000000001 0.5477777777777779 0.7750000000000002
3 0.4600000000000001 0.29166666666666674 0.34555555555555556 0.29166666666666674 0.3455555555555556 0.8383333333333334 0.46000000000000013 0.8383333333333334