0 0.7620169651272385 0.3098939929328623 0.6559849198868991 0.3098939929328623 0.6559849198868991 0.40282685512367505 0.7620169651272385 0.40282685512367505
0 0.4507540056550424 0.34169611307420505 0.354382657869934 0.34169611307420505 0.354382657869934 0.43356890459363967 0.4507540056550424 0.4335689045936397
4 0.6347785108388313 0.440636042402827 0.4839773798303487 0.440636042402827 0.4839773798303487 0.7819787985865725 0.6347785108388313 0.7819787985865725
3 0.3249293119698398 0.24628975265017672 0.08341187558906694 0.2462897526501767 0.08341187558906697 1 0.3249293119698399 1
3 0.6819038642789821 0.2568904593639577 0.4651272384542884 0.25689045936395766 0.46512723845428844 1 0.6819038642789821 1
3 0.8569745523091423 0.26395759717314504 0.6583411875589067 0.26395759717314504 0.6583411875589067 1 0.8569745523091423 1
4 0.2558906691800189 0.4159010600706714 0.09048067860508957 0.4159010600706714 0.0904806786050896 0.8692579505300353 0.25589066918001896 0.8692579505300353
3 0.47525918944392087 0.3204946996466432 0.32610744580584355 0.3204946996466432 0.3261074458058436 0.9964664310954063 0.4752591894439209 0.9964664310954063
4 0.8532045240339302 0.4618374558303889 0.672478793590952 0.4618374558303889 0.672478793590952 0.8551236749116607 0.8532045240339302 0.8551236749116607
4 0.46017907634307265 0.4901060070671379 0.31196983977379833 0.4901060070671378 0.31196983977379833 0.8717314487632509 0.4601790763430727 0.8717314487632509
0 0.32186616399622997 0.24275618374558308 0.20122525918944392 0.24275618374558303 0.20122525918944395 0.3957597173144876 0.32186616399622997 0.3957597173144876
0 0.5876531573986805 0.2674911660777386 0.5004712535344015 0.2674911660777386 0.5004712535344015 0.3720848056537104 0.5876531573986805 0.3720848056537104