0 0.621875 0.35000000000000014 0.5546875 0.35000000000000014 0.5546875 0.4062500000000001 0.621875 0.4062500000000001
0 0.503125 0.37083333333333346 0.4515625 0.37083333333333346 0.4515625 0.4229166666666668 0.503125 0.4229166666666668
0 0.3625 0.3729166666666667 0.3 0.3729166666666667 0.3 0.43125 0.3625 0.43125
0 0.4125 0.40625000000000006 0.3609375 0.40625 0.3609375 0.4645833333333334 0.4125 0.46458333333333346
2 0.51875 0.4666666666666668 0.4421875 0.4666666666666668 0.4421875 0.6270833333333333 0.51875 0.6270833333333333
2 0.6453125 0.4604166666666668 0.546875 0.4604166666666668 0.546875 0.6333333333333333 0.6453125 0.6333333333333333
2 0.37812500000000004 0.4625000000000001 0.2640625 0.4625 0.26406250000000003 0.66875 0.3781250000000001 0.66875
2 0.428125 0.5062500000000001 0.3765625000000001 0.5062500000000001 0.3765625000000001 0.6625 0.428125 0.6625
3 0.6609375 0.3354166666666668 0.5234375 0.3354166666666668 0.5234375 0.90625 0.6609375 0.90625
3 0.55625 0.35208333333333347 0.4375 0.35208333333333347 0.4375 0.9145833333333333 0.55625 0.9145833333333333
3 0.4453125 0.3895833333333334 0.3625 0.38958333333333334 0.36250000000000004 0.9208333333333333 0.4453125 0.9208333333333333
3 0.38593750000000004 0.3687500000000001 0.25625 0.36875 0.25625000000000003 0.9625 0.3859375000000001 0.9625