0 0.79875 0.5020622422197227 0.6115 0.5020622422197227 0.6115 0.7562804649418824 0.79875 0.7562804649418824
0 0.44000000000000006 0.6216722909636295 0.32775 0.6216722909636295 0.32775000000000004 0.7859017622797151 0.4400000000000001 0.7859017622797151
0 0.60225 0.6869141357330335 0.5485 0.6869141357330335 0.5485 0.7679040119985002 0.60225 0.7679040119985002
3 0.93825 0.48406449193850787 0.6085 0.48406449193850787 0.6085 1.0000000000000002 0.93825 1.0000000000000004
3 0.4580000000000001 0.6171728533933258 0.26025 0.6171728533933258 0.26025000000000004 1 0.45800000000000013 1
3 0.63225 0.6779152605924261 0.5305 0.6779152605924261 0.5305 1 0.63225 1
3 0.55875 0.7071616047994002 0.4390000000000001 0.7071616047994 0.4390000000000001 1 0.55875 1
4 0.63225 0.7544056992875893 0.541 0.7544056992875893 0.541 1 0.63225 1
4 0.55875 0.7656542932133484 0.4360000000000001 0.7656542932133483 0.4360000000000001 1 0.55875 1
4 0.94875 0.7701537307836522 0.6115 0.770153730783652 0.6115 1.0000000000000002 0.94875 1.0000000000000004
4 0.4400000000000001 0.8083989501312336 0.2647500000000001 0.8083989501312336 0.2647500000000001 1 0.4400000000000001 1