0 0.9283333333333333 0.29500000000000015 0.8466666666666667 0.29500000000000015 0.8466666666666667 0.36500000000000016 0.9283333333333333 0.36500000000000016
0 0.22666666666666666 0.32 0.1666666666666667 0.32 0.1666666666666667 0.375 0.22666666666666666 0.375
0 0.495 0.34500000000000014 0.44666666666666666 0.34500000000000014 0.44666666666666666 0.3850000000000001 0.495 0.3850000000000001
0 0.5583333333333333 0.35250000000000015 0.5283333333333333 0.35250000000000015 0.5283333333333333 0.3900000000000001 0.5583333333333333 0.3900000000000001
0 0.33 0.365 0.2816666666666667 0.365 0.2816666666666667 0.42 0.33 0.42
0 0.42 0.37500000000000006 0.38166666666666665 0.375 0.38166666666666665 0.4175000000000001 0.42 0.41750000000000015
2 0.5766666666666667 0.42500000000000016 0.515 0.42500000000000016 0.515 0.6050000000000001 0.5766666666666667 0.6050000000000001
2 0.5066666666666667 0.43000000000000016 0.44166666666666665 0.43000000000000016 0.44166666666666665 0.6225000000000002 0.5066666666666667 0.6225000000000002
2 0.43333333333333335 0.45250000000000007 0.37833333333333335 0.4525 0.37833333333333335 0.6475 0.43333333333333335 0.6475
2 0.24333333333333337 0.4425 0.12833333333333338 0.4425 0.12833333333333338 0.715 0.24333333333333343 0.715
2 0.3583333333333334 0.4775 0.27166666666666667 0.4775 0.2716666666666667 0.685 0.35833333333333345 0.685
2 0.9716666666666667 0.41500000000000015 0.8566666666666667 0.41500000000000015 0.8566666666666667 0.7575000000000003 0.9716666666666667 0.7575000000000003
3 0.5816666666666667 0.33250000000000013 0.5066666666666667 0.33250000000000013 0.5066666666666667 0.8425 0.5816666666666667 0.8425
3 0.5183333333333333 0.33750000000000013 0.43333333333333335 0.33750000000000013 0.43333333333333335 0.88 0.5183333333333333 0.88
3 0.44166666666666665 0.3550000000000001 0.3566666666666667 0.355 0.3566666666666667 0.925 0.44166666666666665 0.925
3 1 0.2875000000000002 0.83 0.28750000000000014 0.83 1.0000000000000002 1 1.0000000000000002
3 0.25500000000000006 0.30750000000000005 0.11333333333333338 0.3075 0.11333333333333341 1 0.2550000000000001 1
3 0.3733333333333334 0.365 0.25333333333333335 0.365 0.25333333333333335 0.96 0.3733333333333334 0.96