0 0.15364583333333334 0.22890625 0.04947916666666668 0.22890625 0.04947916666666669 0.31484375 0.15364583333333334 0.31484375
0 0.659375 0.2992187500000001 0.584375 0.2992187500000001 0.584375 0.3929687500000001 0.659375 0.3929687500000001
0 0.41041666666666665 0.3156250000000001 0.3182291666666667 0.3156250000000001 0.3182291666666667 0.41640625 0.41041666666666665 0.41640625
0 0.928125 0.40625000000000017 0.8307291666666666 0.40625000000000017 0.8307291666666666 0.4968750000000002 0.928125 0.4968750000000002
3 0.27031250000000007 0.18750000000000003 0.027083333333333348 0.1875 0.027083333333333372 0.828125 0.2703125000000001 0.828125
3 0.6864583333333333 0.2843750000000001 0.5421875 0.2843750000000001 0.5421875 0.7843750000000002 0.6864583333333333 0.7843750000000002
2 0.25781250000000006 0.37734375000000003 0.037500000000000026 0.37734375 0.03750000000000005 0.73125 0.25781250000000006 0.73125
3 0.4854166666666667 0.2968750000000001 0.303125 0.2968750000000001 0.30312500000000003 0.8171875 0.4854166666666668 0.8171875
2 0.6734375 0.4117187500000002 0.5479166666666667 0.4117187500000002 0.5479166666666667 0.7132812500000002 0.6734375 0.7132812500000002
2 0.4729166666666667 0.42421875 0.31666666666666665 0.42421875 0.3166666666666667 0.7546875 0.47291666666666676 0.7546875
3 0.9453125 0.4242187500000002 0.7901041666666667 0.4242187500000002 0.7901041666666667 0.88203125 0.9453125 0.88203125
2 0.9270833333333334 0.5726562500000002 0.8067708333333333 0.5726562500000002 0.8067708333333333 0.84296875 0.9270833333333334 0.84296875