0 0.77125 0.5028571428571431 0.72125 0.5028571428571431 0.72125 0.5542857142857145 0.77125 0.5542857142857145
0 0.23000000000000007 0.49142857142857144 0.17000000000000007 0.49142857142857144 0.17000000000000007 0.5752380952380952 0.23000000000000007 0.5752380952380952
0 0.3575 0.47809523809523813 0.28625000000000006 0.4780952380952381 0.28625000000000006 0.5885714285714285 0.3575 0.5885714285714285
0 0.645 0.4971428571428574 0.5825 0.4971428571428574 0.5825 0.5942857142857145 0.645 0.5942857142857145
0 0.475 0.5219047619047619 0.4175 0.5219047619047619 0.4175 0.5866666666666667 0.475 0.5866666666666667
0 0.95875 0.5219047619047621 0.9025 0.5219047619047621 0.9025 0.5885714285714287 0.95875 0.5885714285714287
0 0.58 0.539047619047619 0.545 0.539047619047619 0.545 0.5828571428571429 0.58 0.5828571428571429
0 0.8475 0.5580952380952383 0.79 0.5580952380952383 0.79 0.6076190476190478 0.8475 0.6076190476190478
4 0.4775 0.5980952380952381 0.41125 0.5980952380952381 0.41125 0.7771428571428571 0.4775 0.7771428571428571
4 0.79625 0.5923809523809526 0.7025 0.5923809523809526 0.7025 0.8057142857142859 0.79625 0.8057142857142859
4 0.95875 0.6209523809523811 0.88375 0.6209523809523811 0.88375 0.7942857142857145 0.95875 0.7942857142857145
4 0.59125 0.6171428571428572 0.51375 0.6171428571428571 0.51375 0.8133333333333335 0.59125 0.8133333333333336
3 0.69875 0.4838095238095239 0.565 0.4838095238095239 0.5650000000000001 0.9714285714285715 0.69875 0.9714285714285716
3 0.3737500000000001 0.47809523809523813 0.24875000000000008 0.4780952380952381 0.24875000000000008 0.9847619047619047 0.37375000000000014 0.9847619047619047
3 0.58625 0.5200000000000001 0.50125 0.52 0.5012500000000001 0.9638095238095239 0.5862500000000002 0.963809523809524
3 0.8125 0.5009523809523811 0.69875 0.5009523809523811 0.69875 0.9923809523809524 0.8125 0.9923809523809524
3 0.2637500000000001 0.5028571428571429 0.13000000000000003 0.5028571428571429 0.13000000000000006 1 0.2637500000000001 1
4 0.25250000000000006 0.6152380952380953 0.14875000000000005 0.6152380952380953 0.14875000000000005 0.8990476190476191 0.25250000000000006 0.8990476190476191
3 0.5075000000000001 0.5314285714285715 0.4025 0.5314285714285715 0.4025000000000001 0.9942857142857143 0.5075000000000002 0.9942857142857143
4 0.86 0.6590476190476192 0.815 0.6590476190476192 0.815 0.8685714285714288 0.86 0.8685714285714288
3 0.965 0.5390476190476192 0.86125 0.5390476190476192 0.86125 1 0.965 1
3 0.86375 0.5485714285714288 0.7925 0.5485714285714288 0.7925 1 0.86375 1
4 0.68125 0.643809523809524 0.59 0.643809523809524 0.5900000000000001 0.9142857142857145 0.68125 0.9142857142857145
4 0.3812500000000001 0.6304761904761905 0.2637500000000001 0.6304761904761905 0.2637500000000001 0.9314285714285714 0.38125000000000014 0.9314285714285714