3 0.17600000000000002 0.11377245508982038 0.09 0.11377245508982035 0.09000000000000001 0.4940119760479042 0.17600000000000005 0.4940119760479042
4 0.844 0.21257485029940137 0.76 0.21257485029940137 0.76 0.40419161676646725 0.844 0.40419161676646725
3 0.704 0.1317365269461079 0.61 0.1317365269461079 0.61 0.5089820359281438 0.704 0.5089820359281438
3 0.966 0.08383233532934148 0.86 0.08383233532934146 0.86 0.5898203592814373 0.966 0.5898203592814373
4 0.532 0.18263473053892224 0.396 0.18263473053892224 0.396 0.5149700598802396 0.532 0.5149700598802397
3 0.866 0.11976047904191632 0.746 0.11976047904191629 0.746 0.6107784431137726 0.866 0.6107784431137726
3 0.582 0.023952095808383325 0.382 0.023952095808383308 0.38200000000000006 0.9431137724550899 0.582 0.9431137724550899
0 0.516 0.029940119760479132 0.436 0.02994011976047913 0.436 0.11377245508982045 0.516 0.11377245508982045
0 0.924 0.07784431137724568 0.872 0.07784431137724568 0.872 0.14371257485029956 0.924 0.14371257485029956
0 0.148 0.11676646706586828 0.11 0.11676646706586827 0.11 0.16766467065868265 0.148 0.16766467065868268
0 0.828 0.12275449101796422 0.776 0.12275449101796419 0.776 0.18862275449101812 0.828 0.18862275449101815
0 0.68 0.1377245508982037 0.634 0.1377245508982037 0.634 0.1856287425149702 0.68 0.1856287425149702
0 0.08200000000000002 0.1467065868263473 0.06000000000000001 0.1467065868263473 0.06000000000000001 0.17964071856287425 0.08200000000000003 0.17964071856287425
0 0.35 0.14670658682634738 0.318 0.14670658682634735 0.318 0.1826347305389222 0.35 0.18263473053892224
0 0.236 0.14970059880239525 0.208 0.14970059880239525 0.208 0.1826347305389222 0.236 0.1826347305389222
0 0.294 0.15568862275449105 0.27 0.15568862275449105 0.27 0.1826347305389222 0.294 0.1826347305389222
4 0.246 0.1826347305389222 0.202 0.1826347305389222 0.202 0.2724550898203593 0.246 0.2724550898203594
3 0.2 0.15568862275449105 0.176 0.15568862275449105 0.176 0.31137724550898205 0.2 0.31137724550898205
4 0.308 0.19161676646706596 0.27 0.19161676646706596 0.27 0.2814371257485031 0.308 0.2814371257485031
3 0.252 0.15269461077844315 0.204 0.15269461077844315 0.20400000000000001 0.35928143712574856 0.25200000000000006 0.3592814371257486
3 0.312 0.14970059880239525 0.26 0.14970059880239525 0.26 0.3622754491017965 0.312 0.3622754491017965
4 0.37 0.19161676646706596 0.318 0.19161676646706596 0.318 0.32035928143712583 0.37 0.32035928143712583
3 0.08600000000000002 0.1407185628742515 0.05800000000000002 0.1407185628742515 0.058000000000000024 0.3712574850299401 0.08600000000000003 0.3712574850299401
4 0.952 0.1586826347305391 0.862 0.1586826347305391 0.862 0.35928143712574867 0.952 0.35928143712574867
2 0.17 0.17365269461077845 0.092 0.17365269461077845 0.09200000000000001 0.344311377245509 0.17 0.344311377245509
4 0.692 0.19760479041916176 0.63 0.19760479041916176 0.63 0.3622754491017965 0.692 0.3622754491017965
3 0.386 0.14371257485029945 0.306 0.14371257485029945 0.306 0.4311377245508982 0.386 0.4311377245508982