0 0.3890909090909091 0.323699421965318 0.3509090909090909 0.323699421965318 0.3509090909090909 0.3612716763005781 0.3890909090909091 0.3612716763005781
3 0.7254545454545455 0.15028901734104058 0.610909090909091 0.15028901734104058 0.610909090909091 0.5375722543352602 0.7254545454545455 0.5375722543352602
0 0.14545454545454548 0.3179190751445087 0.10181818181818185 0.3179190751445087 0.10181818181818185 0.3699421965317919 0.1454545454545455 0.3699421965317919
0 0.19454545454545458 0.33236994219653176 0.16727272727272727 0.33236994219653176 0.1672727272727273 0.3786127167630058 0.1945454545454546 0.3786127167630058
0 0.4763636363636364 0.33526011560693647 0.44 0.33526011560693647 0.44 0.3843930635838152 0.4763636363636364 0.3843930635838152
4 0.14909090909090914 0.37572254335260113 0.10363636363636367 0.37572254335260113 0.10363636363636368 0.5144508670520231 0.14909090909090914 0.5144508670520231
2 0.40545454545454546 0.3872832369942196 0.3490909090909091 0.3872832369942196 0.3490909090909091 0.5317919075144508 0.40545454545454546 0.5317919075144508
2 0.22000000000000006 0.3930635838150289 0.1545454545454546 0.3930635838150289 0.1545454545454546 0.5404624277456648 0.22000000000000006 0.5404624277456648
2 0.5018181818181818 0.4075144508670522 0.44 0.4075144508670522 0.44 0.5404624277456649 0.5018181818181818 0.5404624277456649
3 0.15272727272727274 0.3092485549132948 0.08545454545454548 0.3092485549132948 0.08545454545454549 0.6907514450867052 0.15272727272727277 0.6907514450867052
3 0.22545454545454552 0.33815028901734107 0.14909090909090914 0.33815028901734107 0.14909090909090914 0.6647398843930635 0.22545454545454552 0.6647398843930635
3 0.42545454545454553 0.32658959537572263 0.3327272727272727 0.32658959537572263 0.33272727272727276 0.6820809248554914 0.4254545454545456 0.6820809248554915
3 0.509090909090909 0.34104046242774577 0.4309090909090909 0.34104046242774577 0.43090909090909096 0.7196531791907516 0.509090909090909 0.7196531791907516