0 0.322 0.08496240601503764 0.2685 0.08496240601503764 0.2685 0.1421052631578948 0.322 0.1421052631578948
0 0.4605 0.1150375939849625 0.4385 0.1150375939849625 0.4385 0.16466165413533843 0.4605 0.16466165413533843
3 0.322 0.07368421052631584 0.241 0.07368421052631584 0.241 0.2699248120300753 0.322 0.2699248120300753
4 0.5925 0.17518796992481214 0.5435 0.17518796992481211 0.5435 0.25789473684210534 0.5925 0.25789473684210534
4 0.4425 0.1639097744360903 0.391 0.1639097744360903 0.391 0.29548872180451136 0.4425 0.29548872180451136
3 0.09700000000000002 0.14135338345864662 0.023500000000000014 0.14135338345864662 0.02350000000000002 0.3556390977443609 0.09700000000000003 0.3556390977443609
0 0.7075 0.21278195488721818 0.6135 0.21278195488721813 0.6135 0.29774436090225576 0.7075 0.2977443609022558
3 0.6075 0.13383458646616553 0.5335 0.1338345864661655 0.5335 0.4353383458646618 0.6075 0.4353383458646618
3 0.4625 0.10751879699248129 0.376 0.10751879699248129 0.376 0.48345864661654137 0.4625 0.48345864661654137
0 0.3655 0.26541353383458655 0.321 0.26541353383458655 0.321 0.3481203007518798 0.3655 0.3481203007518798
4 0.846 0.23909774436090242 0.701 0.23909774436090242 0.701 0.4458646616541355 0.846 0.4458646616541355
4 0.302 0.2503759398496241 0.1585 0.2503759398496241 0.15850000000000003 0.45789473684210524 0.302 0.45789473684210524
3 0.37000000000000005 0.2541353383458647 0.145 0.25413533834586466 0.14500000000000002 0.7533834586466165 0.3700000000000001 0.7533834586466165
3 0.8725 0.20526315789473698 0.6035 0.20526315789473693 0.6035 0.8541353383458646 0.8725 0.8541353383458646