0 0.69375 0.021296296296296435 0.5598958333333334 0.02129629629629642 0.5598958333333334 0.17870370370370384 0.69375 0.17870370370370386
0 0.3671875 0.10833333333333339 0.22291666666666668 0.10833333333333339 0.22291666666666668 0.2648148148148149 0.3671875 0.26481481481481495
0 0.975 0.1453703703703706 0.8739583333333333 0.1453703703703706 0.8739583333333333 0.32962962962962983 0.975 0.32962962962962983
0 0.5479166666666667 0.16944444444444454 0.40729166666666666 0.16944444444444454 0.40729166666666666 0.3787037037037038 0.5479166666666667 0.3787037037037038
3 0.2802083333333334 0.01851851851851855 0.0026041666666666674 0.018518518518518517 0.0026041666666666986 0.912962962962963 0.28020833333333345 0.912962962962963
3 0.40364583333333337 0.07685185185185192 0.2125 0.07685185185185191 0.21250000000000002 0.8972222222222223 0.4036458333333334 0.8972222222222223
3 0.8447916666666667 0.04907407407407423 0.5354166666666667 0.049074074074074193 0.5354166666666667 0.9805555555555555 0.8447916666666667 0.9805555555555555
4 0.2921875 0.20648148148148152 0.009375000000000015 0.2064814814814815 0.009375000000000038 0.8351851851851851 0.2921875 0.8351851851851851
3 1 0.18518518518518537 0.775 0.18518518518518534 0.775 0.9712962962962965 1 0.9712962962962968
3 0.5875 0.175925925925926 0.34270833333333334 0.17592592592592599 0.3427083333333334 0.9805555555555555 0.5875 0.9805555555555555
4 0.8307291666666666 0.3425925925925927 0.55625 0.34259259259259267 0.55625 0.9777777777777777 0.8307291666666666 0.9777777777777777
1 0.225 3.554877514191623e-17 0.1015625 2.211167831793832e-17 0.1015625 0.13796296296296298 0.225 0.137962962962963
4 1 0.4074074074074076 0.8604166666666667 0.4074074074074076 0.8604166666666667 0.9907407407407409 1 0.9907407407407411
4 0.571875 0.41944444444444456 0.3302083333333333 0.41944444444444456 0.3302083333333334 1 0.571875 1
0 0.2161458333333334 0.7194444444444444 0.04791666666666671 0.7194444444444444 0.047916666666666725 0.9842592592592593 0.2161458333333334 0.9842592592592593