0 0.5776923076923077 0.1431578947368422 0.5138461538461538 0.14315789473684218 0.5138461538461538 0.22842105263157902 0.5776923076923077 0.22842105263157908
0 0.20153846153846153 0.18315789473684213 0.13230769230769232 0.1831578947368421 0.13230769230769232 0.27263157894736845 0.20153846153846153 0.27263157894736845
3 0.6407692307692308 0.11157894736842115 0.49615384615384617 0.11157894736842114 0.49615384615384617 0.4336842105263159 0.6407692307692308 0.4336842105263159
4 0.20461538461538462 0.26526315789473687 0.11923076923076928 0.26526315789473687 0.11923076923076928 0.36736842105263157 0.20461538461538462 0.36736842105263157
3 0.2461538461538462 0.1768421052631579 0.10076923076923076 0.17684210526315788 0.10076923076923079 0.5189473684210526 0.24615384615384625 0.5189473684210526
0 0.73 0.3673684210526317 0.6576923076923077 0.3673684210526317 0.6576923076923077 0.44526315789473697 0.73 0.44526315789473697
4 0.8623076923076923 0.35368421052631593 0.7269230769230769 0.35368421052631593 0.7269230769230769 0.525263157894737 0.8623076923076923 0.525263157894737
3 0.8646153846153846 0.34947368421052644 0.6469230769230769 0.34947368421052644 0.6469230769230769 0.6810526315789475 0.8646153846153846 0.6810526315789476
0 0.34615384615384626 0.588421052631579 0.2623076923076924 0.588421052631579 0.2623076923076924 0.6926315789473684 0.34615384615384626 0.6926315789473684
4 0.34538461538461546 0.6547368421052632 0.24538461538461548 0.6547368421052632 0.24538461538461548 0.7947368421052632 0.34538461538461546 0.7947368421052632
3 0.38000000000000006 0.5852631578947368 0.23769230769230779 0.5852631578947368 0.23769230769230779 0.8873684210526316 0.38000000000000006 0.8873684210526316