0 0.39371428571428574 0.5709109730848861 0.36628571428571427 0.5709109730848861 0.36628571428571427 0.593167701863354 0.39371428571428574 0.593167701863354
0 0.7805714285714286 0.5760869565217394 0.7505714285714286 0.5760869565217394 0.7505714285714286 0.6086956521739133 0.7805714285714286 0.6086956521739133
0 0.3097142857142857 0.5916149068322981 0.28771428571428576 0.5916149068322981 0.28771428571428576 0.6174948240165632 0.3097142857142857 0.6174948240165632
0 0.46314285714285713 0.5916149068322981 0.4362857142857143 0.5916149068322981 0.4362857142857143 0.6174948240165632 0.46314285714285713 0.6174948240165632
0 0.914 0.5967908902691513 0.8877142857142857 0.5967908902691513 0.8877142857142857 0.6206004140786752 0.914 0.6206004140786752
0 0.6357142857142857 0.6019668737060043 0.6191428571428571 0.6019668737060043 0.6191428571428571 0.6330227743271224 0.6357142857142857 0.6330227743271224
0 0.6985714285714286 0.6071428571428574 0.6791428571428572 0.6071428571428574 0.6791428571428572 0.6309523809523812 0.6985714285714286 0.6309523809523812
0 0.24114285714285721 0.6123188405797102 0.22057142857142864 0.6123188405797102 0.22057142857142864 0.6309523809523809 0.24114285714285721 0.6309523809523809
0 0.5891428571428572 0.6123188405797104 0.5705714285714286 0.6123188405797104 0.5705714285714286 0.6361283643892341 0.5891428571428572 0.6361283643892341
0 0.526 0.6123188405797102 0.5077142857142857 0.6123188405797102 0.5077142857142857 0.6428571428571429 0.526 0.6428571428571429
3 0.7977142857142857 0.5760869565217394 0.7205714285714285 0.5760869565217394 0.7205714285714285 0.8674948240165634 0.7977142857142857 0.8674948240165634
3 0.9234285714285714 0.5890269151138718 0.8748571428571429 0.5890269151138718 0.8748571428571429 0.8555900621118014 0.9234285714285714 0.8555900621118014
3 0.6654285714285715 0.5967908902691513 0.5991428571428571 0.5967908902691513 0.5991428571428571 0.8555900621118014 0.6654285714285715 0.8555900621118014
3 0.6194285714285714 0.6071428571428574 0.5505714285714286 0.6071428571428574 0.5505714285714286 0.8571428571428574 0.6194285714285714 0.8571428571428574
3 0.4145714285714286 0.5760869565217391 0.34914285714285714 0.5760869565217391 0.34914285714285714 0.889751552795031 0.4145714285714286 0.889751552795031
3 0.5451428571428572 0.6149068322981368 0.4962857142857143 0.6149068322981367 0.4962857142857143 0.8535196687370602 0.5451428571428572 0.8535196687370603
3 0.4794285714285714 0.5864389233954451 0.422 0.5864389233954451 0.422 0.884575569358178 0.4794285714285714 0.884575569358178
3 0.25628571428571434 0.605072463768116 0.1991428571428572 0.605072463768116 0.1991428571428572 0.8659420289855072 0.25628571428571434 0.8659420289855072
3 0.7348571428571429 0.6045548654244309 0.6591428571428571 0.6045548654244309 0.6591428571428571 0.8711180124223605 0.7348571428571429 0.8711180124223605
3 0.31742857142857145 0.5993788819875776 0.2648571428571429 0.5993788819875776 0.2648571428571429 0.8881987577639752 0.31742857142857145 0.8881987577639752
3 0.348 0.6226708074534162 0.3077142857142857 0.6226708074534162 0.3077142857142857 0.8690476190476191 0.348 0.8690476190476191