2 0.8236472945891784 0.3198757763975157 0.7294589178356713 0.3198757763975157 0.7294589178356713 0.549689440993789 0.8236472945891784 0.549689440993789
2 0.6052104208416834 0.32298136645962744 0.503006012024048 0.32298136645962744 0.503006012024048 0.5838509316770188 0.6052104208416834 0.5838509316770188
2 0.9539078156312625 0.3012422360248449 0.8376753507014028 0.3012422360248449 0.8376753507014028 0.6086956521739132 0.9539078156312625 0.6086956521739132
2 0.4088176352705411 0.3167701863354038 0.30861723446893785 0.3167701863354038 0.30861723446893785 0.6366459627329193 0.4088176352705411 0.6366459627329193
2 0.12024048096192388 0.39751552795031053 0.030060120240480992 0.39751552795031053 0.030060120240481006 0.6801242236024845 0.1202404809619239 0.6801242236024845
3 0.9779559118236473 0.14906832298136663 0.8236472945891784 0.14906832298136663 0.8236472945891784 0.9968944099378884 0.9779559118236473 0.9968944099378886
3 0.42885771543086176 0.15217391304347833 0.3046092184368738 0.1521739130434783 0.30460921843687383 1 0.4288577154308618 1
3 0.8577154308617234 0.19254658385093182 0.717434869739479 0.19254658385093182 0.717434869739479 0.9720496894409938 0.8577154308617234 0.9720496894409938
3 0.6753507014028056 0.1925465838509318 0.48697394789579157 0.19254658385093176 0.4869739478957916 0.9906832298136646 0.6753507014028056 0.9906832298136646
3 0.13827655310621245 0.2453416149068323 0.008016032064128275 0.2453416149068323 0.008016032064128304 1 0.13827655310621248 1
0 0.41282565130260523 0.16149068322981372 0.3226452905811623 0.16149068322981372 0.3226452905811623 0.2608695652173914 0.41282565130260523 0.2608695652173914
0 0.8056112224448898 0.1956521739130436 0.7334669338677354 0.1956521739130436 0.7334669338677354 0.28571428571428586 0.8056112224448898 0.28571428571428586
0 0.5971943887775552 0.1925465838509318 0.5090180360721442 0.19254658385093176 0.5090180360721442 0.2919254658385094 0.5971943887775552 0.2919254658385094
0 0.3406813627254509 0.2391304347826088 0.2625250501002004 0.2391304347826088 0.2625250501002004 0.329192546583851 0.3406813627254509 0.329192546583851
0 0.12224448897795594 0.2515527950310559 0.02805611222444892 0.2515527950310559 0.028056112224448922 0.36024844720496896 0.12224448897795594 0.36024844720496896