3 0.13382352941176476 0.2411764705882353 0.09117647058823532 0.2411764705882353 0.09117647058823533 0.4019607843137255 0.13382352941176476 0.4019607843137255
3 0.06323529411764708 0.24705882352941178 0.020588235294117668 0.24705882352941178 0.020588235294117675 0.40980392156862744 0.0632352941176471 0.40980392156862744
3 0.22647058823529412 0.2607843137254902 0.18382352941176475 0.2607843137254902 0.18382352941176475 0.4372549019607843 0.22647058823529412 0.4372549019607843
3 0.2735294117647059 0.26666666666666666 0.22941176470588234 0.26666666666666666 0.22941176470588234 0.4372549019607843 0.2735294117647059 0.4372549019607843
0 0.21029411764705883 0.30392156862745096 0.11617647058823534 0.30392156862745096 0.11617647058823534 0.4176470588235294 0.21029411764705883 0.4176470588235294
0 0.8470588235294118 0.33137254901960794 0.7926470588235294 0.33137254901960794 0.7926470588235294 0.4019607843137256 0.8470588235294118 0.4019607843137256
0 0.6647058823529411 0.3352941176470589 0.5882352941176471 0.3352941176470589 0.5882352941176471 0.41176470588235303 0.6647058823529411 0.41176470588235303
0 0.7779411764705882 0.35098039215686283 0.7132352941176471 0.35098039215686283 0.7132352941176471 0.42941176470588244 0.7779411764705882 0.42941176470588244
0 0.36911764705882355 0.36078431372549025 0.28823529411764703 0.3607843137254902 0.2882352941176471 0.46274509803921576 0.3691176470588236 0.4627450980392158
2 0.8 0.42549019607843147 0.7029411764705882 0.42549019607843147 0.7029411764705882 0.5490196078431375 0.8 0.5490196078431375
2 0.6691176470588235 0.431372549019608 0.5676470588235294 0.431372549019608 0.5676470588235294 0.6509803921568628 0.6691176470588235 0.6509803921568628
2 0.18235294117647066 0.4235294117647059 0.06470588235294122 0.4235294117647059 0.06470588235294122 0.6862745098039216 0.18235294117647066 0.6862745098039216
3 0.8764705882352941 0.3352941176470589 0.7852941176470588 0.3352941176470589 0.7852941176470588 0.7901960784313727 0.8764705882352941 0.7901960784313727
3 0.6676470588235294 0.32941176470588246 0.5617647058823529 0.32941176470588246 0.5617647058823529 0.8333333333333334 0.6676470588235294 0.8333333333333334
3 0.8147058823529412 0.3450980392156864 0.6911764705882353 0.3450980392156864 0.6911764705882353 0.8196078431372551 0.8147058823529412 0.8196078431372551
2 0.4 0.48039215686274517 0.2764705882352942 0.4803921568627451 0.2764705882352942 0.7235294117647059 0.4 0.7235294117647059
3 0.20147058823529415 0.3 0.061764705882352965 0.3 0.06176470588235299 0.9882352941176471 0.2014705882352942 0.9882352941176471
3 0.41617647058823537 0.36078431372549025 0.26323529411764707 0.3607843137254902 0.2632352941176471 0.9901960784313726 0.4161764705882355 0.9901960784313726