0 0.8916666666666667 0.2650000000000001 0.7833333333333333 0.2650000000000001 0.7833333333333333 0.3925000000000001 0.8916666666666667 0.3925000000000001
3 0.5516666666666666 0.11750000000000009 0.33166666666666667 0.11750000000000008 0.3316666666666667 1 0.5516666666666666 1
2 0.7466666666666667 0.34750000000000014 0.55 0.34750000000000014 0.55 0.7925 0.7466666666666667 0.7925
3 0.32000000000000006 0.17250000000000004 0.08500000000000002 0.1725 0.08500000000000005 0.99 0.3200000000000001 0.99
3 0.75 0.16250000000000012 0.5533333333333333 0.16250000000000006 0.5533333333333333 1 0.75 1
2 0.575 0.3325000000000001 0.33666666666666667 0.3325 0.3366666666666667 0.8325 0.575 0.8325
3 0.9866666666666667 0.2625000000000002 0.7416666666666667 0.2625000000000001 0.7416666666666667 1.0000000000000002 0.9866666666666667 1.0000000000000002
2 0.9516666666666667 0.4550000000000001 0.765 0.4550000000000001 0.765 0.8225000000000001 0.9516666666666667 0.8225000000000002
0 0.5233333333333333 0.12750000000000009 0.41833333333333333 0.12750000000000006 0.41833333333333333 0.24250000000000008 0.5233333333333333 0.24250000000000008
0 0.6866666666666666 0.15500000000000014 0.59 0.1550000000000001 0.59 0.27000000000000013 0.6866666666666666 0.27000000000000013
0 0.32 0.16500000000000006 0.19833333333333333 0.16500000000000006 0.19833333333333336 0.30750000000000005 0.32 0.30750000000000005