0 0.7416666666666667 0.4231738035264485 0.6833333333333333 0.4231738035264485 0.6833333333333333 0.48614609571788425 0.7416666666666667 0.48614609571788425
0 0.275 0.44584382871536526 0.18000000000000005 0.44584382871536526 0.18000000000000005 0.48866498740554154 0.275 0.48866498740554154
0 0.525 0.46095717884131 0.48 0.46095717884131 0.48 0.5239294710327458 0.525 0.5239294710327458
0 0.41 0.4685138539042822 0.29833333333333334 0.46851385390428213 0.29833333333333334 0.5390428211586903 0.41 0.5390428211586903
4 0.78 0.5365239294710329 0.6616666666666666 0.5365239294710329 0.6616666666666666 0.7581863979848867 0.78 0.758186397984887
2 0.5783333333333334 0.5743073047858943 0.48833333333333334 0.5743073047858943 0.48833333333333334 0.7506297229219143 0.5783333333333334 0.7506297229219143
2 0.28166666666666673 0.5667506297229219 0.1666666666666667 0.5667506297229219 0.1666666666666667 0.801007556675063 0.2816666666666668 0.801007556675063
3 0.28166666666666673 0.4156171284634761 0.1616666666666667 0.4156171284634761 0.16166666666666674 1 0.2816666666666668 1
3 0.795 0.42065491183879106 0.6383333333333333 0.42065491183879106 0.6383333333333333 1.0000000000000002 0.795 1.0000000000000002
3 0.6016666666666667 0.44836272040302283 0.465 0.44836272040302283 0.465 1 0.6016666666666667 1
3 0.4683333333333333 0.4609571788413099 0.2816666666666667 0.4609571788413098 0.28166666666666673 1 0.4683333333333333 1
2 0.45666666666666667 0.6120906801007557 0.27833333333333343 0.6120906801007556 0.27833333333333343 0.8639798488664987 0.45666666666666667 0.8639798488664987