3 0.6472222222222223 0.2595272551857213 0.5234848484848484 0.2595272551857213 0.5234848484848484 0.7433671008200677 0.6472222222222223 0.7433671008200677
3 0.221969696969697 0.18958031837916067 0.11616161616161616 0.18958031837916064 0.11616161616161619 0.8268210323203087 0.22196969696969704 0.8268210323203087
4 0.4851010101010101 0.5682585624698505 0.39621212121212124 0.5682585624698504 0.39621212121212124 0.789676796912687 0.4851010101010101 0.7896767969126871
3 0.5181818181818182 0.5311143270622287 0.3881313131313131 0.5311143270622286 0.3881313131313131 0.8268210323203088 0.5181818181818182 0.8268210323203089
0 0.19368686868686869 0.19922817173178972 0.13434343434343435 0.19922817173178972 0.13434343434343435 0.26242161119150986 0.19368686868686869 0.26242161119150986
0 0.6452020202020202 0.2643511818620358 0.6179292929292929 0.2643511818620358 0.6179292929292929 0.3415340086830681 0.6452020202020202 0.3415340086830681
0 0.5146464646464647 0.27399903521466484 0.47904040404040404 0.27399903521466484 0.47904040404040404 0.3333333333333334 0.5146464646464647 0.3333333333333334
3 0.7560606060606061 0.237819585142306 0.6974747474747475 0.237819585142306 0.6974747474747475 0.4910757356488183 0.7560606060606061 0.49107573564881835
4 0.48358585858585856 0.3077665219488665 0.426010101010101 0.3077665219488665 0.426010101010101 0.43608297153883274 0.48358585858585856 0.43608297153883274
4 0.6063131313131314 0.29088277858176564 0.5368686868686868 0.29088277858176564 0.5368686868686868 0.4621321755909311 0.6063131313131314 0.4621321755909311
4 0.19520202020202024 0.2884708152436083 0.12222222222222225 0.2884708152436083 0.12222222222222225 0.5016883743367101 0.19520202020202027 0.5016883743367101
3 0.5179292929292929 0.27399903521466484 0.37676767676767675 0.27399903521466484 0.37676767676767675 0.5745296671490594 0.5179292929292929 0.5745296671490595