4 0.12395833333333335 0.11562500000000002 0.03854166666666668 0.115625 0.03854166666666669 0.28125 0.12395833333333336 0.28125
4 0.8635416666666667 0.16250000000000014 0.778125 0.16250000000000014 0.778125 0.3062500000000002 0.8635416666666667 0.3062500000000002
4 0.9260416666666667 0.16875000000000018 0.865625 0.16875000000000018 0.865625 0.33125000000000016 0.9260416666666667 0.33125000000000016
3 0.13229166666666667 0.06875 0.03229166666666668 0.06875 0.03229166666666669 0.459375 0.1322916666666667 0.459375
3 0.865625 0.09375000000000014 0.778125 0.09375000000000014 0.778125 0.4656250000000002 0.865625 0.4656250000000002
3 0.928125 0.10312500000000017 0.859375 0.10312500000000017 0.859375 0.4750000000000002 0.928125 0.4750000000000002
4 0.6989583333333333 0.13125000000000012 0.4864583333333333 0.1312500000000001 0.4864583333333333 0.4781250000000002 0.6989583333333333 0.4781250000000002
3 0.7239583333333334 0.015625000000000108 0.4510416666666667 0.015625000000000083 0.45104166666666673 0.884375 0.7239583333333334 0.884375
1 0.5760416666666667 0.012500000000000098 0.4822916666666667 0.01250000000000009 0.4822916666666667 0.1062500000000001 0.5760416666666667 0.1062500000000001
1 0.8322916666666667 0.10000000000000013 0.7885416666666667 0.10000000000000013 0.7885416666666667 0.14062500000000014 0.8322916666666667 0.14062500000000014
1 0.9010416666666666 0.11875000000000017 0.8697916666666666 0.11875000000000017 0.8697916666666666 0.1656250000000002 0.9010416666666666 0.1656250000000002