0 0.72 0.23423423423423437 0.586 0.2342342342342343 0.586 0.38438438438438455 0.72 0.38438438438438455
0 0.334 0.27327327327327333 0.26 0.27327327327327333 0.26 0.38138138138138145 0.334 0.38138138138138145
3 1 0.10210210210210227 0.85 0.10210210210210227 0.85 0.9939939939939941 1 0.9939939939939944
2 1 0.3243243243243245 0.854 0.3243243243243245 0.854 0.780780780780781 1 0.7807807807807812
3 0.516 0.11411411411411418 0.322 0.11411411411411415 0.32200000000000006 1 0.516 1
2 0.514 0.3153153153153154 0.33 0.3153153153153154 0.33000000000000007 0.7987987987987988 0.514 0.7987987987987988
2 0.19800000000000006 0.37537537537537535 0.02200000000000003 0.37537537537537535 0.022000000000000047 0.7687687687687688 0.19800000000000006 0.7687687687687688
2 0.3420000000000001 0.4444444444444444 0.21400000000000005 0.4444444444444444 0.21400000000000005 0.7147147147147147 0.34200000000000014 0.7147147147147147
3 0.19800000000000004 0.16216216216216217 0.018000000000000013 0.16216216216216217 0.018000000000000047 1 0.19800000000000006 1
2 0.722 0.4714714714714716 0.594 0.4714714714714716 0.594 0.7357357357357359 0.722 0.7357357357357359
2 0.832 0.4564564564564566 0.708 0.4564564564564566 0.708 0.7567567567567569 0.832 0.7567567567567569
3 0.866 0.21321321321321335 0.684 0.2132132132132133 0.684 1 0.866 1
3 0.752 0.24024024024024038 0.558 0.24024024024024032 0.558 1 0.752 1
3 0.34800000000000003 0.2792792792792793 0.218 0.27927927927927926 0.21800000000000003 1 0.3480000000000001 1
0 1 0.10510510510510528 0.898 0.10510510510510528 0.898 0.2612612612612614 1 0.2612612612612614
0 0.532 0.11411411411411419 0.396 0.11411411411411419 0.396 0.3123123123123124 0.532 0.3123123123123124
0 0.19 0.16816816816816818 0.066 0.16816816816816818 0.06600000000000002 0.3003003003003003 0.19 0.3003003003003003
0 0.81 0.21021021021021039 0.704 0.21021021021021039 0.704 0.30630630630630645 0.81 0.30630630630630645