0 0.84453125 0.16388888888888906 0.78359375 0.16388888888888906 0.78359375 0.24166666666666684 0.84453125 0.24166666666666684
0 0.54765625 0.20000000000000012 0.50078125 0.20000000000000007 0.50078125 0.2861111111111112 0.54765625 0.28611111111111126
0 0.68828125 0.2305555555555557 0.64453125 0.2305555555555557 0.64453125 0.3027777777777779 0.68828125 0.3027777777777779
0 0.42109375 0.2472222222222223 0.37109375 0.2472222222222223 0.37109375 0.31111111111111117 0.42109375 0.31111111111111117
0 0.29921875 0.25000000000000006 0.25859375 0.25000000000000006 0.25859375 0.31944444444444453 0.29921875 0.31944444444444453
4 0.87109375 0.24166666666666684 0.76484375 0.24166666666666684 0.76484375 0.4416666666666668 0.87109375 0.4416666666666668
4 0.74921875 0.3027777777777779 0.66796875 0.3027777777777779 0.66796875 0.46666666666666684 0.74921875 0.46666666666666684
4 0.56953125 0.3472222222222223 0.46328125 0.3472222222222223 0.46328125 0.5055555555555558 0.56953125 0.5055555555555558
3 0.76015625 0.22777777777777794 0.64453125 0.22777777777777794 0.64453125 0.627777777777778 0.76015625 0.627777777777778
3 0.90703125 0.16944444444444462 0.74765625 0.1694444444444446 0.74765625 0.716666666666667 0.90703125 0.716666666666667
3 0.44453125 0.2361111111111112 0.36015625 0.2361111111111112 0.36015625000000007 0.6555555555555557 0.44453125 0.6555555555555557
4 0.35546875 0.44166666666666665 0.21171875 0.44166666666666665 0.21171875 0.5805555555555556 0.35546875 0.5805555555555556
3 0.60234375 0.33611111111111125 0.45859375 0.3361111111111112 0.45859375 0.7083333333333335 0.60234375 0.7083333333333335
0 0.18671875000000004 0.49722222222222223 0.12578125000000004 0.49722222222222223 0.12578125000000004 0.6694444444444444 0.18671875000000004 0.6694444444444444
3 0.41640625 0.43055555555555564 0.13046875000000005 0.4305555555555556 0.13046875000000005 0.8972222222222223 0.41640625 0.8972222222222223