0 0.8391666666666666 0.08740740740740759 0.7258333333333333 0.08740740740740757 0.7258333333333333 0.21481481481481499 0.8391666666666666 0.21481481481481499
0 0.5366666666666666 0.11851851851851862 0.4475 0.1185185185185186 0.4475 0.2533333333333334 0.5366666666666666 0.2533333333333334
0 0.6525 0.14074074074074086 0.5625 0.14074074074074086 0.5625 0.25333333333333347 0.6525 0.2533333333333335
0 0.385 0.1496296296296297 0.2891666666666667 0.14962962962962967 0.2891666666666667 0.2577777777777779 0.385 0.2577777777777779
0 0.22916666666666666 0.16740740740740745 0.11583333333333333 0.16740740740740745 0.11583333333333333 0.3051851851851852 0.22916666666666666 0.3051851851851853
2 0.8758333333333334 0.36296296296296315 0.7241666666666666 0.36296296296296315 0.7241666666666666 0.534814814814815 0.8758333333333334 0.534814814814815
2 0.5433333333333333 0.31111111111111117 0.4141666666666667 0.31111111111111117 0.4141666666666667 0.6000000000000002 0.5433333333333333 0.6000000000000002
2 0.6916666666666667 0.371851851851852 0.5625 0.37185185185185193 0.5625 0.5837037037037038 0.6916666666666667 0.5837037037037038
3 0.9091666666666667 0.07851851851851868 0.7041666666666667 0.07851851851851867 0.7041666666666667 1.0000000000000002 0.9091666666666667 1.0000000000000004
2 0.37250000000000005 0.34666666666666673 0.2725 0.34666666666666673 0.2725 0.7496296296296296 0.3725000000000001 0.7496296296296296
3 0.5466666666666666 0.1200000000000001 0.4 0.12000000000000008 0.4 1 0.5466666666666666 1
3 0.7175 0.13777777777777792 0.5458333333333333 0.13777777777777792 0.5458333333333333 1 0.7175 1
3 0.3991666666666667 0.14370370370370378 0.24583333333333332 0.14370370370370375 0.24583333333333338 1 0.3991666666666668 1
3 0.24416666666666673 0.1777777777777778 0.05750000000000002 0.17777777777777778 0.057500000000000044 1 0.24416666666666675 1
2 0.24500000000000005 0.42814814814814817 0.060000000000000026 0.42814814814814817 0.060000000000000046 0.9214814814814815 0.2450000000000001 0.9214814814814815