0 0.7211678832116788 0.4415584415584417 0.6773722627737226 0.4415584415584417 0.6773722627737226 0.4883116883116885 0.7211678832116788 0.4883116883116885
0 0.29635036496350364 0.4727272727272727 0.26277372262773724 0.4727272727272727 0.26277372262773724 0.5272727272727272 0.29635036496350364 0.5272727272727272
0 0.5284671532846715 0.5064935064935067 0.4948905109489051 0.5064935064935067 0.4948905109489051 0.5350649350649352 0.5284671532846715 0.5350649350649352
3 0.5372262773722628 0.5064935064935067 0.4802919708029197 0.5064935064935067 0.4802919708029197 0.6831168831168831 0.5372262773722628 0.6831168831168831
4 0.2671532846715329 0.522077922077922 0.17810218978102194 0.522077922077922 0.17810218978102194 0.7012987012987013 0.26715328467153293 0.7012987012987013
4 0.743065693430657 0.5454545454545456 0.6817518248175183 0.5454545454545456 0.6817518248175183 0.7402597402597405 0.743065693430657 0.7402597402597405
3 0.3036496350364964 0.4597402597402597 0.17372262773722633 0.4597402597402597 0.17372262773722633 0.9012987012987013 0.30364963503649645 0.9012987012987013
3 0.7532846715328467 0.4311688311688313 0.6408759124087591 0.4311688311688313 0.6408759124087591 0.9532467532467533 0.7532846715328467 0.9532467532467536
0 0.4408759124087591 0.6779220779220779 0.4116788321167883 0.6779220779220779 0.4116788321167883 0.7610389610389611 0.4408759124087591 0.7610389610389611
4 0.5781021897810219 0.6649350649350649 0.4802919708029197 0.6649350649350649 0.4802919708029197 0.7844155844155845 0.5781021897810219 0.7844155844155845
3 0.5912408759124088 0.6701298701298701 0.4116788321167883 0.6701298701298701 0.4116788321167883 0.9948051948051948 0.5912408759124088 0.9948051948051948