0 0.42333333333333334 0.2656641604010026 0.37666666666666665 0.2656641604010026 0.37666666666666665 0.3107769423558898 0.42333333333333334 0.3107769423558898
0 0.3416666666666667 0.2756892230576442 0.2966666666666667 0.2756892230576442 0.2966666666666667 0.3132832080200502 0.3416666666666667 0.3132832080200502
0 0.485 0.2857142857142858 0.455 0.2857142857142858 0.455 0.3157894736842106 0.485 0.3157894736842106
0 0.5583333333333333 0.2982456140350878 0.5283333333333333 0.2982456140350878 0.5283333333333333 0.3308270676691731 0.5583333333333333 0.3308270676691731
0 0.6016666666666667 0.3233082706766919 0.575 0.3233082706766919 0.575 0.3508771929824563 0.6016666666666667 0.3508771929824563
0 0.675 0.3483709273182959 0.6433333333333333 0.3483709273182959 0.6433333333333333 0.3734335839598999 0.675 0.3734335839598999
2 0.6733333333333333 0.3984962406015039 0.6283333333333333 0.3984962406015039 0.6283333333333333 0.5037593984962407 0.6733333333333333 0.5037593984962407
2 0.8833333333333333 0.3308270676691731 0.8 0.3308270676691731 0.8 0.5814536340852132 0.8833333333333333 0.5814536340852132
3 0.43166666666666664 0.268170426065163 0.35833333333333334 0.268170426065163 0.3583333333333334 0.6892230576441103 0.43166666666666664 0.6892230576441103
3 0.5016666666666667 0.2781954887218046 0.43833333333333335 0.2781954887218046 0.43833333333333335 0.6867167919799498 0.5016666666666667 0.6867167919799498
3 0.56 0.293233082706767 0.5133333333333333 0.293233082706767 0.5133333333333333 0.6716791979949874 0.56 0.6716791979949874
3 0.61 0.3258145363408523 0.5633333333333334 0.3258145363408523 0.5633333333333334 0.6516290726817042 0.61 0.6516290726817042
3 0.6816666666666666 0.3333333333333335 0.62 0.3333333333333335 0.62 0.6591478696741855 0.6816666666666666 0.6591478696741855
3 0.34500000000000003 0.2781954887218046 0.2733333333333333 0.2781954887218046 0.2733333333333334 0.7268170426065163 0.3450000000000001 0.7268170426065163
3 0.9016666666666666 0.21303258145363424 0.77 0.21303258145363424 0.77 0.9147869674185465 0.9016666666666666 0.9147869674185467
0 0.8733333333333333 0.21303258145363424 0.81 0.21303258145363424 0.81 0.28320802005012546 0.8733333333333333 0.28320802005012546