0 0.9404296875 0.08680555555555575 0.875 0.08680555555555575 0.875 0.19965277777777798 0.9404296875 0.19965277777777798
0 0.09521484375000001 0.12152777777777778 0.038085937500000014 0.12152777777777778 0.038085937500000014 0.23697916666666666 0.09521484375000003 0.23697916666666666
0 0.3232421875 0.17621527777777782 0.27099609375 0.17621527777777782 0.27099609375 0.2968750000000001 0.3232421875 0.2968750000000001
3 0.453125 0.1579861111111112 0.27001953125 0.15798611111111116 0.27001953125 0.412326388888889 0.453125 0.412326388888889
4 0.4423828125 0.1970486111111112 0.3232421875 0.19704861111111116 0.3232421875 0.4079861111111112 0.4423828125 0.4079861111111112
3 0.18457031250000003 0.11024305555555558 0.031738281250000014 0.11024305555555555 0.03173828125000002 0.5034722222222222 0.18457031250000006 0.5034722222222222
4 0.17822265625000003 0.19097222222222224 0.061035156250000014 0.1909722222222222 0.06103515625000002 0.4357638888888889 0.17822265625000006 0.4357638888888889
4 0.962890625 0.2109375000000002 0.8583984375 0.2109375000000002 0.8583984375 0.5225694444444446 0.962890625 0.5225694444444446
3 0.97265625 0.07204861111111131 0.8291015625 0.07204861111111129 0.8291015625 0.754340277777778 0.97265625 0.754340277777778
0 0.69921875 0.3793402777777779 0.63232421875 0.3793402777777779 0.63232421875 0.5295138888888891 0.69921875 0.5295138888888891
3 0.7939453125 0.38454861111111127 0.62744140625 0.3845486111111112 0.62744140625 0.9861111111111112 0.7939453125 0.9861111111111112
4 0.76953125 0.5381944444444446 0.6259765625 0.5381944444444446 0.6259765625 0.9053819444444444 0.76953125 0.9053819444444444