0 0.7775 0.21555555555555572 0.715 0.2155555555555557 0.715 0.2955555555555557 0.7775 0.2955555555555557
0 0.90625 0.23333333333333353 0.8675 0.23333333333333353 0.8675 0.30444444444444463 0.90625 0.3044444444444447
0 0.5375 0.2955555555555557 0.50625 0.2955555555555557 0.50625 0.3333333333333335 0.5375 0.3333333333333335
0 0.45125 0.31333333333333346 0.40875 0.31333333333333346 0.40875 0.368888888888889 0.45125 0.368888888888889
0 0.365 0.32666666666666677 0.32375 0.32666666666666677 0.32375 0.3777777777777779 0.365 0.3777777777777779
0 0.1925 0.3466666666666667 0.13000000000000003 0.3466666666666667 0.13000000000000003 0.42444444444444446 0.1925 0.42444444444444446
4 0.9325 0.3133333333333336 0.8725 0.3133333333333336 0.8725 0.4733333333333336 0.9325 0.4733333333333336
4 0.8075 0.32666666666666677 0.74 0.32666666666666677 0.74 0.5088888888888891 0.8075 0.5088888888888891
3 0.95 0.23333333333333353 0.86 0.23333333333333353 0.86 0.697777777777778 0.95 0.697777777777778
4 0.38625 0.40000000000000013 0.3275 0.40000000000000013 0.3275 0.5377777777777779 0.38625 0.5377777777777779
3 0.56 0.29111111111111126 0.49625 0.29111111111111126 0.49625 0.6533333333333333 0.56 0.6533333333333333
3 0.82125 0.22222222222222238 0.70375 0.22222222222222235 0.70375 0.8000000000000003 0.82125 0.8000000000000003
4 0.20500000000000004 0.43777777777777777 0.11750000000000003 0.43777777777777777 0.11750000000000003 0.7044444444444444 0.20500000000000007 0.7044444444444444
3 0.22750000000000004 0.3288888888888889 0.11500000000000003 0.3288888888888889 0.11500000000000005 0.9666666666666667 0.22750000000000006 0.9666666666666667