0 0.6491666666666667 0.29059829059829073 0.5825 0.29059829059829073 0.5825 0.36752136752136766 0.6491666666666667 0.36752136752136766
0 0.45166666666666666 0.2918192918192919 0.3858333333333333 0.2918192918192919 0.3858333333333333 0.3797313797313798 0.45166666666666666 0.3797313797313799
0 0.7866666666666666 0.29181929181929195 0.7033333333333334 0.29181929181929195 0.7033333333333334 0.3809523809523811 0.7866666666666666 0.3809523809523811
0 0.38916666666666666 0.3223443223443224 0.30666666666666664 0.32234432234432236 0.30666666666666664 0.4200244200244201 0.38916666666666666 0.42002442002442014
4 0.4575 0.37728937728937734 0.37583333333333335 0.3772893772893773 0.3758333333333334 0.6043956043956045 0.4575 0.6043956043956046
4 0.6641666666666667 0.4053724053724055 0.5691666666666667 0.4053724053724055 0.5691666666666667 0.5934065934065935 0.6641666666666667 0.5934065934065935
4 0.8258333333333333 0.39560439560439575 0.7091666666666666 0.39560439560439575 0.7091666666666666 0.6581196581196582 0.8258333333333333 0.6581196581196584
3 0.475 0.27960927960927967 0.3775 0.27960927960927967 0.37750000000000006 0.8388278388278388 0.475 0.8388278388278388
3 0.685 0.3040293040293041 0.5566666666666666 0.3040293040293041 0.5566666666666666 0.9157509157509157 0.685 0.9157509157509157
3 0.8283333333333334 0.2893772893772895 0.69 0.2893772893772895 0.69 0.9841269841269843 0.8283333333333334 0.9841269841269844
3 0.38833333333333336 0.30769230769230776 0.28833333333333333 0.30769230769230776 0.2883333333333334 0.9865689865689866 0.3883333333333334 0.9865689865689866