2 0.6353643216080402 0.4259433962264152 0.5690954773869347 0.4259433962264152 0.5690954773869347 0.5443396226415096 0.6353643216080402 0.5443396226415097
2 0.5599874371859297 0.40235849056603784 0.47173366834170855 0.40235849056603784 0.47173366834170855 0.585377358490566 0.5599874371859297 0.585377358490566
2 0.43844221105527637 0.43301886792452843 0.35081658291457285 0.43301886792452843 0.35081658291457285 0.5886792452830188 0.43844221105527637 0.5886792452830188
2 0.8784547738693468 0.4306603773584907 0.7842336683417085 0.43066037735849066 0.7842336683417085 0.6103773584905663 0.8784547738693468 0.6103773584905663
2 0.7286432160804021 0.4566037735849058 0.6366206030150754 0.4566037735849058 0.6366206030150754 0.6245283018867926 0.7286432160804021 0.6245283018867926
2 0.3055904522613066 0.4613207547169812 0.24968592964824127 0.46132075471698114 0.24968592964824127 0.6386792452830189 0.3055904522613066 0.6386792452830189
2 0.2635050251256282 0.4212264150943396 0.15923366834170857 0.4212264150943396 0.1592336683417086 0.7160377358490566 0.26350502512562823 0.7160377358490566
3 0.647927135678392 0.34339622641509443 0.5659547738693468 0.34339622641509443 0.5659547738693468 0.8212264150943397 0.647927135678392 0.8212264150943398
3 0.3118718592964824 0.34575471698113214 0.2503140703517588 0.3457547169811321 0.25031407035175884 0.8481132075471698 0.3118718592964825 0.8481132075471698
3 0.577889447236181 0.30330188679245296 0.44660804020100503 0.30330188679245296 0.4466080402010051 0.9028301886792452 0.5778894472361811 0.9028301886792452
3 0.4532035175879397 0.34339622641509443 0.3319723618090452 0.34339622641509443 0.3319723618090452 0.8731132075471698 0.4532035175879397 0.8731132075471698
2 1 0.41650943396226436 0.8863065326633166 0.41650943396226436 0.8863065326633166 0.817924528301887 1 0.817924528301887
3 0.759108040201005 0.35283018867924537 0.6287688442211056 0.35283018867924537 0.6287688442211056 0.907547169811321 0.759108040201005 0.907547169811321
3 1 0.28915094339622666 0.8847361809045227 0.28915094339622666 0.8847361809045227 1 1 1
3 0.3002512562814071 0.3056603773584906 0.14824120603015079 0.30566037735849055 0.1482412060301508 1 0.3002512562814071 1
3 0.8932160804020101 0.31509433962264166 0.757537688442211 0.3150943396226416 0.757537688442211 0.9924528301886792 0.8932160804020101 0.9924528301886792
0 0.5380025125628141 0.30801886792452843 0.4780150753768844 0.30801886792452843 0.4780150753768844 0.35283018867924537 0.5380025125628141 0.35283018867924537
1 0.8470477386934674 0.3146226415094341 0.7902010050251256 0.3146226415094341 0.7902010050251256 0.379245283018868 0.8470477386934674 0.379245283018868
0 0.24654522613065327 0.32122641509433963 0.1884422110552764 0.32122641509433963 0.1884422110552764 0.38066037735849056 0.24654522613065327 0.38066037735849056
0 0.6092964824120602 0.3457547169811322 0.5722361809045227 0.3457547169811322 0.5722361809045227 0.38726415094339633 0.6092964824120602 0.38726415094339633
1 0.40734924623115576 0.35283018867924537 0.3649497487437186 0.35283018867924537 0.3649497487437186 0.4028301886792454 0.40734924623115576 0.4028301886792454
0 0.2917713567839196 0.34811320754716985 0.24717336683417085 0.3481132075471698 0.24717336683417085 0.40754716981132083 0.2917713567839196 0.4075471698113209
0 0.7025753768844221 0.3599056603773586 0.6413316582914573 0.3599056603773586 0.6413316582914573 0.4075471698113209 0.7025753768844221 0.4075471698113209