0 0.8466796875 0.14055636896046866 0.7470703125 0.14055636896046864 0.7470703125 0.22840409956076152 0.8466796875 0.22840409956076152
0 0.6845703125 0.2430453879941436 0.6142578125 0.24304538799414357 0.6142578125 0.31332357247437786 0.6845703125 0.3133235724743779
0 0.4228515625 0.2811127379209371 0.3701171875 0.2811127379209371 0.3701171875 0.3426061493411421 0.4228515625 0.3426061493411421
0 0.5517578125 0.3250366032210835 0.4912109375 0.3250366032210835 0.4912109375 0.3865300146412886 0.5517578125 0.3865300146412886
4 0.9462890625 0.2693997071742315 0.7353515625 0.2693997071742315 0.7353515625 0.6207906295754028 0.9462890625 0.6207906295754028
4 0.4814453125 0.3631039531478771 0.3798828125 0.3631039531478771 0.3798828125 0.5622254758418742 0.4814453125 0.5622254758418742
3 0.49121093750000006 0.26647144948755497 0.3662109375 0.26647144948755497 0.36621093750000006 0.7467057101024891 0.4912109375000001 0.7467057101024892
4 0.7353515625 0.37774524158125933 0.6162109375 0.37774524158125933 0.6162109375 0.6530014641288435 0.7353515625 0.6530014641288435
4 0.6103515625 0.4070278184480236 0.4990234375 0.4070278184480236 0.4990234375 0.6530014641288435 0.6103515625 0.6530014641288435
3 0.9501953125 0.14055636896046866 0.7314453125 0.14055636896046864 0.7314453125 0.9838945827232798 0.9501953125 0.98389458272328
3 0.6298828125 0.31918008784773066 0.4814453125 0.31918008784773066 0.48144531250000006 0.8228404099560761 0.6298828125 0.8228404099560761
3 0.7646484375 0.24597364568082003 0.5908203125 0.24597364568082 0.5908203125 0.9370424597364568 0.7646484375 0.9370424597364568