0 0.8491666666666666 0.27500000000000013 0.7366666666666667 0.27500000000000013 0.7366666666666667 0.40000000000000013 0.8491666666666666 0.40000000000000013
0 0.45916666666666667 0.29375000000000007 0.3883333333333333 0.29375000000000007 0.3883333333333333 0.38375000000000015 0.45916666666666667 0.38375000000000015
0 0.5675 0.3037500000000001 0.48833333333333334 0.3037500000000001 0.48833333333333334 0.40625000000000017 0.5675 0.40625000000000017
0 0.6533333333333333 0.30625000000000013 0.5716666666666667 0.3062500000000001 0.5716666666666667 0.41250000000000014 0.6533333333333333 0.41250000000000014
3 0.4891666666666667 0.27875000000000005 0.37833333333333335 0.27875000000000005 0.37833333333333335 0.61875 0.4891666666666667 0.6187500000000001
2 0.4725 0.40000000000000013 0.395 0.40000000000000013 0.395 0.5775000000000001 0.4725 0.5775000000000001
2 0.595 0.4162500000000001 0.49166666666666664 0.4162500000000001 0.49166666666666664 0.66625 0.595 0.66625
2 0.6825 0.42250000000000015 0.5883333333333334 0.42250000000000015 0.5883333333333334 0.73125 0.6825 0.73125
3 0.5866666666666667 0.3000000000000001 0.4741666666666667 0.30000000000000004 0.4741666666666667 0.89 0.5866666666666667 0.89
2 0.9158333333333334 0.42500000000000016 0.7841666666666667 0.42500000000000016 0.7841666666666667 0.8250000000000003 0.9158333333333334 0.8250000000000003
3 0.9433333333333334 0.2625000000000001 0.7366666666666667 0.2625000000000001 0.7366666666666667 1.0000000000000002 0.9433333333333334 1.0000000000000002
3 0.72 0.3000000000000001 0.5633333333333334 0.30000000000000004 0.5633333333333334 1 0.72 1
0 0.36166666666666675 0.59375 0.29083333333333344 0.59375 0.29083333333333344 0.7275 0.36166666666666675 0.7275
2 0.5408333333333334 0.6100000000000001 0.3575000000000001 0.61 0.3575000000000001 0.8625 0.5408333333333334 0.8625
3 0.5675 0.5787500000000001 0.28 0.57875 0.28 1 0.5675 1