0 0.922 0.2693333333333335 0.83 0.2693333333333335 0.83 0.36800000000000016 0.922 0.36800000000000016
0 0.762 0.3333333333333335 0.712 0.3333333333333335 0.712 0.39466666666666683 0.762 0.39466666666666683
0 0.22200000000000006 0.33866666666666667 0.16000000000000006 0.33866666666666667 0.16000000000000006 0.424 0.22200000000000006 0.424
0 0.492 0.3573333333333334 0.428 0.35733333333333334 0.428 0.41866666666666674 0.492 0.4186666666666668
2 0.512 0.4160000000000001 0.406 0.416 0.406 0.5546666666666668 0.512 0.5546666666666669
2 0.25200000000000006 0.4053333333333333 0.15800000000000006 0.4053333333333333 0.15800000000000006 0.5786666666666667 0.25200000000000006 0.5786666666666667
2 0.72 0.4106666666666668 0.622 0.4106666666666668 0.622 0.5866666666666668 0.72 0.5866666666666668
2 0.962 0.40000000000000013 0.792 0.40000000000000013 0.792 0.6106666666666668 0.962 0.6106666666666668
3 0.24600000000000005 0.336 0.15000000000000005 0.336 0.15000000000000005 0.768 0.24600000000000005 0.768
3 0.508 0.3493333333333334 0.408 0.34933333333333333 0.40800000000000003 0.792 0.5080000000000001 0.792
3 0.704 0.33600000000000013 0.616 0.3360000000000001 0.616 0.8133333333333334 0.704 0.8133333333333334
3 0.956 0.26666666666666683 0.774 0.26666666666666683 0.774 0.9973333333333335 0.956 0.9973333333333336