0 0.5566666666666666 0.23057644110275696 0.5016666666666667 0.23057644110275696 0.5016666666666667 0.2982456140350878 0.5566666666666666 0.2982456140350878
0 0.8416666666666667 0.21052631578947384 0.77 0.21052631578947384 0.77 0.3283208020050127 0.8416666666666667 0.3283208020050127
4 0.36833333333333335 0.2631578947368422 0.305 0.2631578947368422 0.305 0.44611528822055135 0.36833333333333335 0.44611528822055135
3 0.57 0.23558897243107776 0.4866666666666667 0.23558897243107776 0.4866666666666667 0.5513784461152884 0.57 0.5513784461152884
4 0.44 0.3007518796992482 0.37833333333333335 0.3007518796992482 0.37833333333333335 0.5062656641604011 0.44 0.5062656641604012
4 0.565 0.3107769423558898 0.5083333333333333 0.3107769423558898 0.5083333333333333 0.49874686716791994 0.565 0.49874686716791994
4 0.03833333333333337 0.3182957393483709 2.592169058195231e-17 0.3182957393483709 3.4086002576268e-17 0.518796992481203 0.03833333333333338 0.518796992481203
3 0.37500000000000006 0.18796992481203015 0.295 0.18796992481203015 0.29500000000000004 0.6541353383458647 0.3750000000000001 0.6541353383458647
4 0.875 0.3283208020050127 0.775 0.3283208020050127 0.775 0.56140350877193 0.875 0.56140350877193
0 0.29833333333333334 0.40100250626566414 0.24333333333333335 0.40100250626566414 0.24333333333333335 0.49624060150375937 0.29833333333333334 0.49624060150375937
3 0.455 0.21804511278195496 0.37333333333333335 0.21804511278195496 0.3733333333333334 0.7042606516290727 0.455 0.7042606516290727
0 0.1666666666666667 0.42606516290726815 0.09833333333333336 0.42606516290726815 0.09833333333333337 0.531328320802005 0.1666666666666667 0.531328320802005
3 0.87 0.20551378446115304 0.7433333333333333 0.20551378446115304 0.7433333333333333 0.8220551378446117 0.87 0.8220551378446118
3 0.2933333333333334 0.41604010025062654 0.1916666666666667 0.41604010025062654 0.1916666666666667 0.7719298245614035 0.29333333333333345 0.7719298245614035
3 0.1916666666666667 0.43107769423558895 0.04500000000000003 0.43107769423558895 0.045000000000000054 0.8145363408521303 0.1916666666666667 0.8145363408521303
0 0.34833333333333333 0.19047619047619055 0.30666666666666664 0.19047619047619055 0.30666666666666664 0.2531328320802006 0.34833333333333333 0.2531328320802006
0 0.445 0.21303258145363416 0.3933333333333333 0.21303258145363416 0.3933333333333333 0.2857142857142858 0.445 0.2857142857142858