0 0.544 0.43200000000000016 0.482 0.43200000000000016 0.482 0.4826666666666668 0.544 0.4826666666666668
0 0.614 0.44000000000000017 0.558 0.44000000000000017 0.558 0.4933333333333335 0.614 0.4933333333333335
0 0.696 0.4853333333333335 0.636 0.4853333333333335 0.636 0.5360000000000001 0.696 0.5360000000000001
0 0.456 0.49333333333333335 0.4 0.49333333333333335 0.4 0.5493333333333333 0.456 0.5493333333333333
0 0.778 0.5066666666666668 0.718 0.5066666666666668 0.718 0.5573333333333335 0.778 0.5573333333333335
4 0.564 0.5440000000000002 0.474 0.5440000000000002 0.47400000000000003 0.7973333333333333 0.564 0.7973333333333333
4 0.628 0.5626666666666669 0.566 0.5626666666666669 0.566 0.7946666666666666 0.628 0.7946666666666666
4 0.724 0.5706666666666668 0.634 0.5706666666666668 0.634 0.8053333333333333 0.724 0.8053333333333333
4 0.44200000000000006 0.6106666666666667 0.372 0.6106666666666667 0.37200000000000005 0.8106666666666666 0.4420000000000001 0.8106666666666666
3 0.574 0.4240000000000001 0.446 0.424 0.44600000000000006 1 0.574 1
3 0.646 0.4293333333333335 0.552 0.4293333333333335 0.552 1 0.646 1
4 0.812 0.6053333333333335 0.73 0.6053333333333335 0.73 0.8293333333333334 0.812 0.8293333333333334
3 0.734 0.4826666666666668 0.634 0.4826666666666668 0.634 1 0.734 1
3 0.4640000000000001 0.49066666666666664 0.338 0.49066666666666664 0.3380000000000001 1 0.46400000000000013 1
3 0.818 0.5066666666666668 0.712 0.5066666666666668 0.712 0.9946666666666667 0.818 0.9946666666666667