0 0.4798571145068466 0.2857993450431677 0.44612026195673743 0.2857993450431677 0.44612026195673743 0.33015778505507604 0.4798571145068466 0.33015778505507604
0 0.3357809089104981 0.29383745162250674 0.29867037110537803 0.29383745162250674 0.29867037110537803 0.33849359928550166 0.3357809089104981 0.33849359928550166
0 0.6408017463782496 0.29770765108663305 0.6128200039690415 0.29770765108663305 0.6128200039690415 0.34206609109854136 0.6408017463782496 0.34206609109854136
0 0.556658067076801 0.3054480500148855 0.5328438182179004 0.3054480500148855 0.5328438182179004 0.3370050610300686 0.556658067076801 0.3370050610300686
3 0.7310974399682477 0.25900565644537077 0.6822782298075015 0.25900565644537077 0.6822782298075015 0.40339386722238774 0.7310974399682477 0.40339386722238774
0 0.7636435800754118 0.3209288478713904 0.7217701924985116 0.3209288478713904 0.7217701924985116 0.36737124144090516 0.7636435800754118 0.36737124144090516
3 0.813653502679103 0.2604941947008039 0.7586822782298075 0.2604941947008039 0.7586822782298075 0.4301875558201847 0.813653502679103 0.4301875558201847
0 0.4024608057154197 0.3295623697529027 0.36812859694383804 0.32956236975290265 0.36812859694383804 0.37302768681155113 0.4024608057154197 0.3730276868115512
3 0.5624131772177019 0.3081274188746652 0.5225243103790435 0.3081274188746652 0.5225243103790435 0.4108365584995536 0.5624131772177019 0.4108365584995536
3 0.6447707878547331 0.30366180410836574 0.6068664417543164 0.30366180410836574 0.6068664417543164 0.4197677880321526 0.6447707878547331 0.4197677880321526
3 0.3409406628299266 0.2857993450431677 0.29231990474300457 0.2857993450431677 0.29231990474300457 0.44358440011908307 0.3409406628299266 0.44358440011908307
1 0.6796983528477872 0.3462339982137542 0.6427862671164913 0.3462339982137542 0.6427862671164913 0.3849359928550165 0.6796983528477872 0.3849359928550165
3 0.4979162532248462 0.27984519202143504 0.4471125223258583 0.27984519202143504 0.4471125223258583 0.4525156296516822 0.4979162532248462 0.4525156296516822
0 0.5826552887477674 0.35516522774635323 0.5429648739829331 0.35516522774635323 0.5429648739829331 0.40339386722238774 0.5826552887477674 0.40339386722238774
0 0.3038301250248065 0.3542721047930932 0.25699543560230204 0.3542721047930932 0.25699543560230204 0.4147067579636797 0.3038301250248065 0.4147067579636797
0 0.4721174836277039 0.3632033343256923 0.42508434213137525 0.3632033343256923 0.42508434213137525 0.4147067579636798 0.4721174836277039 0.4147067579636798
0 0.20003969041476488 0.370646025602858 0.143480849374876 0.370646025602858 0.143480849374876 0.4242334027984519 0.20003969041476488 0.4242334027984519
3 0.30224250843421313 0.35873771955939265 0.26056757293113714 0.35873771955939265 0.26056757293113714 0.497171777314677 0.30224250843421313 0.497171777314677
3 0.42250446517166107 0.3221196784757369 0.36277039095058544 0.3221196784757368 0.3627703909505855 0.5617743376004763 0.42250446517166107 0.5617743376004765
0 0.36673943242706886 0.41530217326585295 0.3191109347092677 0.41530217326585295 0.3191109347092677 0.47037808871688 0.36673943242706886 0.47037808871688
0 0.274260766025005 0.45251562965168207 0.22067870609247867 0.45251562965168207 0.22067870609247867 0.5001488538255433 0.274260766025005 0.5001488538255433
4 0.7868624727128398 0.37808871688002393 0.7070847390355229 0.37808871688002393 0.7070847390355229 0.5998809169395655 0.7868624727128398 0.5998809169395655
4 0.8860885096249256 0.38999702292348926 0.8132565985314546 0.38999702292348926 0.8132565985314546 0.6281631437927957 0.8860885096249256 0.6281631437927957
4 0.7023218892637428 0.38999702292348926 0.615796785076404 0.38999702292348926 0.615796785076404 0.6296516820482286 0.7023218892637428 0.6296516820482286
4 0.6001190712442945 0.42869901756475154 0.5304623933320103 0.42869901756475154 0.5304623933320103 0.6296516820482286 0.6001190712442945 0.6296516820482286
4 0.4949394721174836 0.43524858588865745 0.42409208176225444 0.43524858588865745 0.42409208176225444 0.6284608514438821 0.4949394721174836 0.6284608514438821
3 0.7948005556658068 0.3170586484072642 0.7019249851160945 0.3170586484072642 0.7019249851160945 0.7561774337600478 0.7948005556658068 0.7561774337600479
3 0.8979956340543759 0.3349211074724622 0.8041278031355428 0.3349211074724622 0.8041278031355428 0.7472462042274489 0.8979956340543759 0.7472462042274489
3 0.859892835880135 0.5462935397439715 0.8533439174439373 0.5462935397439715 0.8533439174439373 0.5567133075320037 0.859892835880135 0.5567133075320037
3 0.5991268108751736 0.351295028282227 0.5235165707481643 0.351295028282227 0.5235165707481643 0.7785055075915451 0.5991268108751736 0.7785055075915451
3 0.6983528477872594 0.3521881512354869 0.607660250049613 0.3521881512354869 0.607660250049613 0.8017267043763024 0.6983528477872594 0.8017267043763024
3 0.5048620758086922 0.3751116403691576 0.42032149235959515 0.3751116403691576 0.42032149235959515 0.8201845787436737 0.5048620758086922 0.8201845787436737
3 0.22186941853542375 0.3572491813039595 0.12859694383806317 0.3572491813039595 0.12859694383806317 0.8380470378088717 0.22186941853542377 0.8380470378088717
3 0.41258186148045245 0.43018755582018464 0.30521928954157573 0.4301875558201846 0.30521928954157573 0.7740398928252457 0.41258186148045245 0.7740398928252457
4 0.3925382020242112 0.515034236379875 0.31315737249454256 0.515034236379875 0.3131573724945426 0.732360821673117 0.39253820202421125 0.732360821673117
4 0.29827346695772977 0.523965465912474 0.2020242111530066 0.523965465912474 0.2020242111530066 0.7725513545698125 0.29827346695772977 0.7725513545698125
3 0.2966858503671364 0.43822566239952365 0.19249851160944637 0.43822566239952365 0.1924985116094464 0.8684132182197083 0.2966858503671364 0.8684132182197083
0 0.6844612026195673 0.1652277463530814 0.6535026791029966 0.1652277463530814 0.6535026791029966 0.19648704971717787 0.6844612026195673 0.19648704971717787
3 0.6755308592974797 0.1652277463530814 0.6554871998412384 0.1652277463530814 0.6554871998412384 0.1994641262280442 0.6755308592974797 0.1994641262280442
3 0.6963683270490176 0.15629651682048243 0.6445723357809089 0.15629651682048243 0.6445723357809089 0.2872878832986009 0.6963683270490176 0.2872878832986009
0 0.804326255209367 0.25513545698124457 0.7703909505854336 0.25513545698124457 0.7703909505854336 0.3116999106877048 0.804326255209367 0.3116999106877048
0 0.7229609049414566 0.2610896100029772 0.6949791625322485 0.2610896100029772 0.6949791625322485 0.3087228341768385 0.7229609049414566 0.3087228341768385