3 0.6575 0.3424124513618678 0.5425 0.3424124513618678 0.5425 0.6303501945525293 0.6575 0.6303501945525294
3 0.575 0.2101167315175098 0.3225 0.21011673151750979 0.3225 0.77431906614786 0.575 0.77431906614786
4 0.5175 0.3540856031128406 0.33 0.3540856031128406 0.33 0.6381322957198443 0.5175 0.6381322957198443
4 0.13500000000000004 0.39299610894941633 0.03250000000000003 0.39299610894941633 0.032500000000000036 0.6070038910505836 0.13500000000000004 0.6070038910505836
3 0.17000000000000004 0.3151750972762646 0.007500000000000024 0.3151750972762646 0.007500000000000039 0.688715953307393 0.17000000000000007 0.688715953307393
0 0.7 0.09338521400778223 0.6 0.09338521400778221 0.6 0.24902723735408572 0.7 0.24902723735408572
4 0.94 0.08171206225680949 0.72 0.08171206225680948 0.72 0.4280155642023348 0.94 0.42801556420233483
0 0.5875 0.21789883268482502 0.4675 0.21789883268482502 0.4675 0.33073929961089504 0.5875 0.33073929961089504
0 0.1775 0.33852140077821014 0.11750000000000003 0.33852140077821014 0.11750000000000003 0.39299610894941633 0.1775 0.39299610894941633
0 0.63 0.33852140077821025 0.57 0.33852140077821025 0.57 0.4046692607003892 0.63 0.4046692607003892
3 1 0.07003891050583673 0.5975 0.07003891050583669 0.5975 0.6770428015564205 1 0.6770428015564205