0 0.5906666666666667 0.2694444444444446 0.5173333333333333 0.2694444444444446 0.5173333333333333 0.37500000000000017 0.5906666666666667 0.37500000000000017
0 0.772 0.27777777777777796 0.704 0.27777777777777796 0.704 0.3805555555555557 0.772 0.3805555555555557
0 0.8933333333333333 0.30277777777777803 0.8253333333333334 0.30277777777777803 0.8253333333333334 0.39722222222222237 0.8933333333333333 0.39722222222222237
1 0.43733333333333335 0.31944444444444453 0.37866666666666665 0.31944444444444453 0.37866666666666665 0.38888888888888906 0.43733333333333335 0.38888888888888906
1 0.3413333333333333 0.34166666666666673 0.284 0.34166666666666673 0.284 0.4333333333333334 0.3413333333333333 0.4333333333333335
1 0.22266666666666668 0.39166666666666666 0.1506666666666667 0.39166666666666666 0.1506666666666667 0.48055555555555557 0.22266666666666668 0.48055555555555557
1 0.52 0.4694444444444446 0.4706666666666667 0.4694444444444446 0.4706666666666667 0.5500000000000002 0.52 0.5500000000000002
4 0.6293333333333333 0.42500000000000016 0.524 0.42500000000000016 0.524 0.7638888888888891 0.6293333333333333 0.7638888888888892
4 0.7946666666666666 0.4583333333333335 0.68 0.4583333333333335 0.68 0.7472222222222226 0.7946666666666666 0.7472222222222226
2 0.4573333333333333 0.46111111111111125 0.364 0.46111111111111125 0.364 0.75 0.4573333333333333 0.75
3 0.6506666666666666 0.27777777777777796 0.524 0.27777777777777796 0.524 1.0000000000000002 0.6506666666666666 1.0000000000000002
3 0.812 0.28333333333333355 0.6746666666666666 0.2833333333333335 0.6746666666666666 1.0000000000000002 0.812 1.0000000000000002
4 0.9266666666666666 0.4694444444444446 0.8106666666666666 0.4694444444444446 0.8106666666666666 0.816666666666667 0.9266666666666666 0.816666666666667
3 0.9453333333333334 0.28888888888888914 0.812 0.28888888888888914 0.812 1.0000000000000002 0.9453333333333334 1.0000000000000002
2 0.364 0.4944444444444445 0.25466666666666665 0.49444444444444446 0.2546666666666667 0.8 0.364 0.8
3 0.472 0.31666666666666676 0.34933333333333333 0.31666666666666676 0.34933333333333333 1 0.472 1
3 0.37333333333333335 0.34166666666666673 0.25066666666666665 0.34166666666666673 0.2506666666666667 1 0.37333333333333335 1
2 0.2506666666666667 0.5416666666666666 0.12400000000000004 0.5416666666666666 0.12400000000000004 0.8333333333333334 0.25066666666666676 0.8333333333333334
3 0.276 0.39166666666666666 0.11600000000000003 0.39166666666666666 0.11600000000000006 1 0.2760000000000001 1
3 0.584 0.4722222222222224 0.43333333333333335 0.4722222222222224 0.43333333333333335 1 0.584 1
2 0.5546666666666666 0.6361111111111113 0.456 0.6361111111111113 0.456 0.8888888888888888 0.5546666666666666 0.8888888888888888