0 0.34322916666666664 0.17222222222222228 0.3255208333333333 0.17222222222222228 0.3255208333333333 0.18981481481481488 0.34322916666666664 0.18981481481481488
0 0.23645833333333333 0.1796296296296297 0.2234375 0.1796296296296297 0.2234375 0.19907407407407413 0.23645833333333333 0.19907407407407413
0 0.309375 0.18425925925925932 0.29635416666666664 0.18425925925925932 0.29635416666666664 0.2055555555555556 0.309375 0.2055555555555556
0 0.3770833333333333 0.188888888888889 0.3645833333333333 0.188888888888889 0.3645833333333333 0.2064814814814816 0.3770833333333333 0.2064814814814816
2 0.278125 0.1916666666666667 0.253125 0.1916666666666667 0.253125 0.24444444444444455 0.278125 0.24444444444444455
2 0.35052083333333334 0.19259259259259265 0.3229166666666667 0.19259259259259265 0.3229166666666667 0.25185185185185194 0.35052083333333334 0.25185185185185194
2 0.24375 0.19907407407407413 0.21979166666666666 0.19907407407407413 0.21979166666666666 0.2546296296296297 0.24375 0.25462962962962976
2 0.31666666666666665 0.20277777777777783 0.29322916666666665 0.20277777777777783 0.29322916666666665 0.25740740740740753 0.31666666666666665 0.25740740740740753
3 0.28489583333333335 0.16851851851851857 0.2526041666666667 0.16851851851851857 0.2526041666666667 0.30555555555555564 0.28489583333333335 0.30555555555555564
2 0.3890625 0.20740740740740748 0.3614583333333333 0.20740740740740746 0.3614583333333333 0.2666666666666668 0.3890625 0.2666666666666668
3 0.35572916666666665 0.17037037037037042 0.3223958333333333 0.17037037037037042 0.3223958333333333 0.3111111111111112 0.35572916666666665 0.3111111111111112
3 0.24895833333333334 0.17777777777777784 0.21510416666666668 0.17777777777777784 0.21510416666666668 0.31018518518518523 0.24895833333333334 0.3101851851851853
3 0.3182291666666667 0.17777777777777784 0.2921875 0.17777777777777784 0.2921875 0.31296296296296305 0.3182291666666667 0.31296296296296305
3 0.3932291666666667 0.18518518518518526 0.3578125 0.18518518518518523 0.3578125 0.3111111111111112 0.3932291666666667 0.3111111111111112