1 0.9479166666666666 0.2562500000000002 0.84375 0.2562500000000002 0.84375 0.39062500000000017 0.9479166666666666 0.39062500000000017
0 0.8020833333333334 0.32812500000000017 0.7375 0.32812500000000017 0.7375 0.3968750000000002 0.8020833333333334 0.3968750000000002
1 0.49166666666666664 0.32500000000000007 0.4354166666666667 0.32500000000000007 0.4354166666666667 0.4468750000000001 0.49166666666666664 0.4468750000000002
1 0.6875 0.3500000000000001 0.6458333333333334 0.3500000000000001 0.6458333333333334 0.42500000000000016 0.6875 0.42500000000000016
1 0.15833333333333338 0.378125 0.0729166666666667 0.378125 0.0729166666666667 0.459375 0.15833333333333338 0.459375
1 0.6083333333333333 0.3781250000000001 0.5520833333333334 0.3781250000000001 0.5520833333333334 0.4656250000000002 0.6083333333333333 0.4656250000000002
4 0.7166666666666667 0.4187500000000002 0.6270833333333333 0.4187500000000002 0.6270833333333333 0.5781250000000002 0.7166666666666667 0.5781250000000002
4 0.8104166666666667 0.40625000000000017 0.75625 0.40625000000000017 0.75625 0.5937500000000002 0.8104166666666667 0.5937500000000002
3 0.825 0.33437500000000014 0.7229166666666667 0.3343750000000001 0.7229166666666667 0.7750000000000001 0.825 0.7750000000000001
4 0.5208333333333334 0.43437500000000007 0.41458333333333336 0.434375 0.41458333333333336 0.6843750000000001 0.5208333333333334 0.6843750000000002
3 0.7291666666666666 0.3437500000000001 0.6166666666666667 0.3437500000000001 0.6166666666666667 0.7750000000000001 0.7291666666666666 0.7750000000000001
4 0.9833333333333333 0.39062500000000017 0.8229166666666666 0.39062500000000017 0.8229166666666666 0.7406250000000002 0.9833333333333333 0.7406250000000002
4 0.6416666666666667 0.47187500000000016 0.5333333333333333 0.47187500000000016 0.5333333333333333 0.7906250000000001 0.6416666666666667 0.7906250000000001
3 1 0.2750000000000002 0.79375 0.2750000000000002 0.79375 1.0000000000000002 1 1.0000000000000004
3 0.5104166666666667 0.34062500000000007 0.41458333333333336 0.34062500000000007 0.4145833333333334 0.953125 0.5104166666666667 0.953125
4 0.2333333333333334 0.4875 0.04166666666666671 0.4875 0.04166666666666672 0.809375 0.2333333333333334 0.809375
3 0.2333333333333334 0.365625 0.022916666666666696 0.365625 0.022916666666666717 0.940625 0.2333333333333334 0.940625
3 0.6354166666666666 0.3750000000000001 0.5083333333333333 0.3750000000000001 0.5083333333333334 0.978125 0.6354166666666666 0.978125