0 0.169921875 0.3125 0.09375000000000003 0.3125 0.09375000000000003 0.4010416666666667 0.169921875 0.4010416666666667
0 0.06250000000000003 0.3055555555555556 2.1048616860345134e-17 0.3055555555555556 2.4576652072732527e-17 0.4079861111111111 0.06250000000000003 0.4079861111111111
0 0.341796875 0.3472222222222223 0.2861328125 0.3472222222222223 0.2861328125 0.404513888888889 0.341796875 0.404513888888889
0 0.490234375 0.36631944444444453 0.4462890625 0.36631944444444453 0.4462890625 0.41493055555555564 0.490234375 0.41493055555555564
0 0.6923828125 0.3645833333333335 0.6484375 0.3645833333333334 0.6484375 0.42187500000000017 0.6923828125 0.4218750000000002
0 0.54296875 0.38194444444444453 0.5068359375 0.38194444444444453 0.5068359375 0.42881944444444453 0.54296875 0.42881944444444453
0 0.7333984375 0.3906250000000002 0.6884765625 0.3906250000000002 0.6884765625 0.46527777777777796 0.7333984375 0.46527777777777796
0 0.22851562500000003 0.39062500000000006 0.1650390625 0.390625 0.16503906250000003 0.4670138888888889 0.22851562500000006 0.4670138888888889
0 0.6064453125 0.40104166666666674 0.5654296875 0.40104166666666674 0.5654296875 0.45659722222222243 0.6064453125 0.45659722222222243
0 0.8818359375 0.41840277777777796 0.8203125 0.41840277777777796 0.8203125 0.49305555555555575 0.8818359375 0.49305555555555575
2 0.673828125 0.46006944444444464 0.63671875 0.46006944444444464 0.63671875 0.6284722222222224 0.673828125 0.6284722222222224
2 0.501953125 0.46006944444444453 0.423828125 0.4600694444444444 0.423828125 0.6440972222222223 0.501953125 0.6440972222222224
2 0.556640625 0.4687500000000002 0.4951171875 0.4687500000000002 0.4951171875 0.6354166666666669 0.556640625 0.6354166666666669
2 0.3603515625 0.4618055555555556 0.2626953125 0.4618055555555556 0.2626953125 0.65625 0.3603515625 0.65625
2 0.630859375 0.48784722222222243 0.5625 0.48784722222222243 0.5625 0.6597222222222224 0.630859375 0.6597222222222224
2 0.728515625 0.4861111111111113 0.6591796875 0.4861111111111113 0.6591796875 0.7204861111111113 0.728515625 0.7204861111111113
2 0.16601562500000006 0.4409722222222222 0.06738281250000003 0.4409722222222222 0.06738281250000004 0.7690972222222222 0.16601562500000006 0.7690972222222222
2 0.22949218750000006 0.4861111111111111 0.16992187500000006 0.4861111111111111 0.16992187500000006 0.7326388888888888 0.22949218750000006 0.7326388888888888
3 0.560546875 0.3802083333333334 0.4892578125 0.3802083333333334 0.48925781250000006 0.8680555555555558 0.560546875 0.8680555555555558
3 0.689453125 0.3628472222222224 0.626953125 0.3628472222222223 0.626953125 0.887152777777778 0.689453125 0.887152777777778
3 0.5048828125 0.36631944444444453 0.4150390625 0.36631944444444453 0.41503906250000006 0.9045138888888888 0.5048828125 0.9045138888888888
3 0.07031250000000004 0.28125 1.9374295064635862e-17 0.28125 4.413033875833724e-17 1 0.07031250000000006 1
3 0.17285156250000003 0.2916666666666667 0.06542968750000003 0.2916666666666667 0.06542968750000004 1 0.17285156250000006 1
3 0.642578125 0.3940972222222223 0.5478515625 0.3940972222222223 0.5478515625 0.90625 0.642578125 0.90625
3 0.36816406250000006 0.3402777777777779 0.263671875 0.3402777777777779 0.26367187500000006 0.9635416666666666 0.3681640625000001 0.9635416666666666
2 0.8974609375 0.527777777777778 0.802734375 0.527777777777778 0.802734375 0.7847222222222224 0.8974609375 0.7847222222222224
2 0.06835937500000004 0.4461805555555556 0.0009765625000000308 0.4461805555555556 0.0009765625000000464 0.8993055555555556 0.06835937500000006 0.8993055555555556
3 0.7373046875 0.3940972222222224 0.666015625 0.3940972222222223 0.666015625 0.9618055555555556 0.7373046875 0.9618055555555556
3 0.24218750000000003 0.38888888888888895 0.15234375 0.3888888888888889 0.15234375000000003 1 0.24218750000000006 1
3 0.9013671875 0.42534722222222243 0.7958984375 0.42534722222222243 0.7958984375 1 0.9013671875 1