0 0.964021164021164 0.23448275862068985 0.8666666666666667 0.23448275862068985 0.8666666666666667 0.3396551724137933 0.964021164021164 0.3396551724137933
0 0.6613756613756614 0.29137931034482767 0.5968253968253968 0.29137931034482767 0.5968253968253968 0.3775862068965518 0.6613756613756614 0.3775862068965518
0 0.4666666666666667 0.3155172413793104 0.3746031746031746 0.3155172413793104 0.3746031746031746 0.4517241379310345 0.4666666666666667 0.4517241379310345
0 0.6010582010582011 0.32241379310344837 0.5153439153439153 0.32241379310344837 0.5153439153439153 0.4482758620689657 0.6010582010582011 0.4482758620689657
0 0.15555555555555559 0.33275862068965517 0.051851851851851885 0.33275862068965517 0.051851851851851885 0.44482758620689655 0.1555555555555556 0.44482758620689655
2 0.9862433862433863 0.38620689655172435 0.8084656084656084 0.38620689655172435 0.8084656084656084 0.7224137931034484 0.9862433862433863 0.7224137931034484
3 1 0.22413793103448296 0.7862433862433862 0.22413793103448296 0.7862433862433862 1.0000000000000002 1 1.0000000000000004
2 0.4952380952380953 0.46206896551724147 0.31957671957671957 0.46206896551724136 0.3195767195767196 0.8120689655172415 0.49523809523809537 0.8120689655172416
3 0.6730158730158731 0.29137931034482767 0.5947089947089947 0.29137931034482767 0.5947089947089947 1 0.6730158730158731 1
2 0.638095238095238 0.4758620689655174 0.49417989417989416 0.4758620689655174 0.4941798941798942 0.824137931034483 0.638095238095238 0.824137931034483
3 0.49206349206349215 0.310344827586207 0.31746031746031744 0.310344827586207 0.3174603174603175 1 0.4920634920634922 1
3 0.25608465608465614 0.3241379310344828 0.01375661375661378 0.32413793103448274 0.013756613756613805 1 0.25608465608465614 1
3 0.6444444444444445 0.32413793103448285 0.48253968253968255 0.32413793103448285 0.4825396825396826 1 0.6444444444444445 1
2 0.25185185185185194 0.4982758620689655 0.017989417989418027 0.4982758620689655 0.01798941798941804 0.9327586206896552 0.25185185185185194 0.9327586206896552