0 0.7568058076225045 0.5352798053527982 0.6987295825771325 0.5352798053527982 0.6987295825771325 0.588807785888078 0.7568058076225045 0.588807785888078
0 0.9382940108892922 0.5498783454987836 0.8929219600725953 0.5498783454987836 0.8929219600725953 0.5936739659367398 0.9382940108892922 0.5936739659367398
0 0.8765880217785844 0.5523114355231145 0.8039927404718693 0.5523114355231145 0.8039927404718693 0.6107055961070561 0.8765880217785844 0.6107055961070561
0 0.34482758620689663 0.583941605839416 0.2940108892921961 0.583941605839416 0.2940108892921961 0.6423357664233577 0.34482758620689663 0.6423357664233577
0 0.6225045372050817 0.5839416058394162 0.558983666061706 0.5839416058394162 0.558983666061706 0.6447688564476886 0.6225045372050817 0.6447688564476886
0 0.4083484573502723 0.6204379562043796 0.3774954627949184 0.6204379562043796 0.3774954627949184 0.6520681265206812 0.4083484573502723 0.6520681265206812
4 0.9455535390199638 0.613138686131387 0.8947368421052632 0.613138686131387 0.8947368421052632 0.7542579075425794 0.9455535390199638 0.7542579075425794
4 0.04900181488203273 0.6739659367396593 0.01814882032667883 0.6739659367396593 0.018148820326678833 0.7566909975669099 0.04900181488203273 0.7566909975669099
3 0.056261343012704246 0.6374695863746959 0.018148820326678822 0.6374695863746959 0.018148820326678833 0.8126520681265207 0.05626134301270425 0.8126520681265207
4 0.7876588021778584 0.6253041362530414 0.6860254083484574 0.6253041362530414 0.6860254083484574 0.8491484184914841 0.7876588021778584 0.8491484184914841
3 0.79491833030853 0.5109489051094892 0.6896551724137931 0.5109489051094892 0.6896551724137931 1 0.79491833030853 1
3 0.5571687840290381 0.6082725060827252 0.5045372050816697 0.6082725060827252 0.5045372050816697 0.9148418491484185 0.5571687840290381 0.9148418491484185
4 0.9201451905626135 0.6496350364963505 0.8166969147005445 0.6496350364963503 0.8166969147005445 0.8880778588807787 0.9201451905626135 0.8880778588807788
3 0.9183303085299456 0.54014598540146 0.7985480943738656 0.54014598540146 0.7985480943738656 1.0000000000000002 0.9183303085299456 1.0000000000000002
3 0.9582577132486388 0.54014598540146 0.8838475499092558 0.54014598540146 0.8838475499092558 1.0000000000000002 0.9582577132486388 1.0000000000000002
4 0.33756805807622514 0.6715328467153284 0.2577132486388386 0.6715328467153284 0.2577132486388386 0.8807785888077859 0.33756805807622514 0.8807785888077859
3 0.41923774954627957 0.6180048661800487 0.35390199637023606 0.6180048661800487 0.35390199637023606 0.9513381995133819 0.41923774954627957 0.9513381995133819
3 0.3557168784029039 0.5766423357664233 0.2540834845735028 0.5766423357664233 0.2540834845735028 0.9951338199513382 0.3557168784029039 0.9951338199513382
4 0.6352087114337568 0.6739659367396593 0.5571687840290381 0.6739659367396593 0.5571687840290381 0.902676399026764 0.6352087114337568 0.902676399026764
3 0.6388384754990926 0.5863746958637471 0.542649727767695 0.5863746958637471 0.542649727767695 1 0.6388384754990926 1
3 0.7041742286751361 0.6058394160583943 0.6424682395644283 0.6058394160583943 0.6424682395644283 0.9902676399026764 0.7041742286751361 0.9902676399026764