0 0.7958333333333333 0.15000000000000013 0.7058333333333333 0.15000000000000013 0.7058333333333333 0.26875000000000016 0.7958333333333333 0.26875000000000016
4 0.9641666666666666 0.23500000000000015 0.7525 0.23500000000000015 0.7525 0.44000000000000017 0.9641666666666666 0.44000000000000017
0 0.39916666666666667 0.36125000000000007 0.36583333333333334 0.36125 0.36583333333333334 0.40875000000000006 0.39916666666666667 0.40875000000000017
0 0.42333333333333334 0.39625000000000016 0.39916666666666667 0.39625000000000016 0.39916666666666667 0.43000000000000016 0.42333333333333334 0.43000000000000016
0 0.6108333333333333 0.39500000000000013 0.5858333333333333 0.39500000000000013 0.5858333333333333 0.43625000000000014 0.6108333333333333 0.43625000000000014
4 0.3725 0.38625 0.335 0.38625 0.335 0.48875 0.3725 0.48875
4 0.6483333333333333 0.4187500000000001 0.5991666666666666 0.4187500000000001 0.5991666666666666 0.48750000000000016 0.6483333333333333 0.48750000000000016
4 0.4116666666666667 0.41875000000000007 0.38166666666666665 0.41875 0.38166666666666665 0.4987500000000001 0.4116666666666667 0.49875000000000014
3 0.3975 0.36125000000000007 0.33166666666666667 0.36125 0.3316666666666667 0.6262500000000001 0.3975000000000001 0.6262500000000002
3 0.6433333333333333 0.39375000000000016 0.5825 0.39375000000000016 0.5825 0.6000000000000001 0.6433333333333333 0.6000000000000001
3 0.4258333333333334 0.3975000000000001 0.3825 0.3975 0.38250000000000006 0.6062500000000001 0.42583333333333345 0.6062500000000002
3 0.9891666666666666 0.15000000000000016 0.7016666666666667 0.15000000000000013 0.7016666666666667 0.8750000000000001 0.9891666666666666 0.8750000000000003