0 0.675 0.2939866369710469 0.6083333333333333 0.2939866369710469 0.6083333333333333 0.36302895322939877 0.675 0.36302895322939877
0 0.78 0.3385300668151449 0.7416666666666667 0.3385300668151449 0.7416666666666667 0.3763919821826282 0.78 0.3763919821826282
0 0.365 0.3363028953229399 0.31333333333333335 0.3363028953229399 0.31333333333333335 0.3897550111358575 0.365 0.3897550111358575
0 0.5533333333333333 0.3385300668151449 0.5016666666666667 0.3385300668151449 0.5016666666666667 0.40311804008908697 0.5533333333333333 0.40311804008908697
2 0.805 0.3964365256124723 0.7183333333333334 0.3964365256124723 0.7183333333333334 0.55902004454343 0.805 0.55902004454343
2 0.58 0.4231625835189311 0.4816666666666667 0.4231625835189311 0.4816666666666667 0.5412026726057908 0.58 0.5412026726057908
2 0.38000000000000006 0.41870824053452116 0.2833333333333333 0.41870824053452116 0.2833333333333334 0.5746102449888641 0.3800000000000001 0.5746102449888641
2 0.7033333333333334 0.4008908685968821 0.5933333333333334 0.4008908685968821 0.5933333333333334 0.6414253897550112 0.7033333333333334 0.6414253897550112
3 0.805 0.3429844097995547 0.705 0.3429844097995547 0.705 0.7817371937639199 0.805 0.78173719376392
3 0.5866666666666667 0.3118040089086861 0.465 0.3118040089086861 0.465 0.8262806236080178 0.5866666666666667 0.8262806236080178
3 0.4 0.32071269487750564 0.265 0.3207126948775056 0.26500000000000007 0.8864142538975501 0.4000000000000001 0.8864142538975501
3 0.71 0.2962138084632518 0.575 0.2962138084632518 0.575 0.9420935412026726 0.71 0.9420935412026726