0 0.47034313725490196 0.3988970588235295 0.4340686274509804 0.39889705882352944 0.4340686274509804 0.4338235294117648 0.47034313725490196 0.4338235294117649
0 0.6571078431372549 0.4044117647058825 0.6129901960784314 0.4044117647058825 0.6129901960784314 0.4382352941176472 0.6571078431372549 0.4382352941176472
0 0.7267156862745098 0.39080882352941193 0.6669117647058823 0.39080882352941193 0.6669117647058823 0.45514705882352957 0.7267156862745098 0.45514705882352957
0 0.5696078431372549 0.40625000000000017 0.5333333333333333 0.40625000000000017 0.5333333333333333 0.44375000000000014 0.5696078431372549 0.44375000000000014
0 0.36127450980392156 0.42463235294117646 0.31470588235294117 0.42463235294117646 0.31470588235294117 0.4632352941176471 0.36127450980392156 0.4632352941176471
2 0.49583333333333335 0.45845588235294127 0.4323529411764706 0.45845588235294116 0.4323529411764706 0.5948529411764707 0.49583333333333335 0.5948529411764708
2 0.6737745098039216 0.4753676470588237 0.6191176470588236 0.4753676470588237 0.6191176470588236 0.5882352941176472 0.6737745098039216 0.5882352941176472
2 0.5941176470588235 0.47683823529411784 0.532843137254902 0.47683823529411784 0.532843137254902 0.5974264705882355 0.5941176470588235 0.5974264705882355
2 0.3715686274509804 0.4915441176470588 0.30490196078431375 0.4915441176470588 0.30490196078431375 0.6242647058823529 0.3715686274509804 0.6242647058823529
3 0.5220588235294118 0.40330882352941183 0.4323529411764706 0.4033088235294118 0.43235294117647066 0.7713235294117647 0.5220588235294118 0.7713235294117647
2 0.7607843137254902 0.4952205882352943 0.675 0.4952205882352943 0.675 0.6805147058823531 0.7607843137254902 0.6805147058823531
3 0.6137254901960785 0.4069852941176472 0.5230392156862745 0.4069852941176472 0.5230392156862745 0.8176470588235294 0.6137254901960785 0.8176470588235294
3 0.38578431372549027 0.4117647058823529 0.2870098039215686 0.4117647058823529 0.28700980392156866 0.8275735294117647 0.3857843137254903 0.8275735294117647
3 0.7688725490196079 0.39227941176470604 0.6651960784313725 0.39227941176470604 0.6651960784313725 0.9452205882352941 0.7688725490196079 0.9452205882352941