0 0.19750000000000006 0.354 0.12600000000000003 0.354 0.12600000000000003 0.42333333333333334 0.19750000000000006 0.42333333333333334
0 0.60175 0.41000000000000014 0.5615 0.41000000000000014 0.5615 0.4510000000000002 0.60175 0.4510000000000002
0 0.50775 0.4203333333333335 0.46725 0.4203333333333335 0.46725 0.4486666666666668 0.50775 0.4486666666666668
0 0.76725 0.41400000000000015 0.706 0.41400000000000015 0.706 0.4683333333333335 0.76725 0.4683333333333335
0 0.86925 0.4206666666666668 0.806 0.4206666666666668 0.806 0.46600000000000014 0.86925 0.46600000000000014
0 0.2595 0.4206666666666667 0.20600000000000004 0.4206666666666667 0.20600000000000004 0.4683333333333333 0.2595 0.4683333333333333
0 0.3375 0.4206666666666667 0.296 0.4206666666666667 0.296 0.4816666666666667 0.3375 0.4816666666666667
0 0.6655 0.43800000000000017 0.62775 0.43800000000000017 0.62775 0.47000000000000014 0.6655 0.47000000000000014
0 0.427 0.44033333333333335 0.3895 0.44033333333333335 0.3895 0.47433333333333333 0.427 0.47433333333333333
2 0.62025 0.46466666666666684 0.53525 0.46466666666666684 0.53525 0.6040000000000002 0.62025 0.6040000000000002
2 0.5235 0.4740000000000001 0.456 0.474 0.45600000000000007 0.6340000000000001 0.5235 0.6340000000000001
2 0.69425 0.4913333333333335 0.621 0.4913333333333335 0.621 0.6173333333333335 0.69425 0.6173333333333335
2 0.7855 0.4836666666666668 0.70525 0.4836666666666668 0.70525 0.6336666666666668 0.7855 0.6336666666666668
2 0.18950000000000006 0.444 0.09100000000000003 0.444 0.09100000000000004 0.6793333333333333 0.18950000000000006 0.6793333333333333
2 0.43750000000000006 0.49733333333333335 0.366 0.49733333333333335 0.36600000000000005 0.6283333333333333 0.4375000000000001 0.6283333333333333
2 0.3450000000000001 0.499 0.2745 0.499 0.2745000000000001 0.6466666666666666 0.34500000000000014 0.6466666666666666
3 0.5295 0.4140000000000001 0.441 0.414 0.44100000000000006 0.7483333333333333 0.5295 0.7483333333333333
2 0.2755000000000001 0.48733333333333334 0.19100000000000006 0.48733333333333334 0.19100000000000006 0.6846666666666666 0.27550000000000013 0.6846666666666666
3 0.43950000000000006 0.43666666666666665 0.366 0.43666666666666665 0.36600000000000005 0.7433333333333333 0.4395000000000001 0.7433333333333333
3 0.6215 0.41400000000000015 0.53125 0.41400000000000015 0.53125 0.767 0.6215 0.767
2 0.9015 0.4923333333333335 0.7895 0.4923333333333335 0.7895 0.693 0.9015 0.693
3 0.69525 0.4293333333333335 0.621 0.4293333333333335 0.621 0.7936666666666666 0.69525 0.7936666666666666
3 0.78525 0.4206666666666668 0.6935 0.4206666666666668 0.6935 0.815 0.78525 0.815
3 0.35950000000000004 0.43633333333333335 0.268 0.43633333333333335 0.26800000000000007 0.815 0.3595000000000001 0.815
3 0.2815000000000001 0.4206666666666667 0.19100000000000006 0.4206666666666667 0.19100000000000006 0.8603333333333333 0.28150000000000014 0.8603333333333333
3 0.1915000000000001 0.3566666666666667 0.08675000000000002 0.3566666666666667 0.08675000000000006 0.9433333333333334 0.19150000000000011 0.9433333333333334
3 0.90125 0.4226666666666668 0.787 0.4226666666666668 0.787 0.89 0.90125 0.89