0 0.25972222222222224 0.28125 0.1744791666666667 0.28125 0.1744791666666667 0.3828125 0.25972222222222224 0.3828125
0 0.8677083333333333 0.2786458333333334 0.7578125 0.2786458333333334 0.7578125 0.4166666666666668 0.8677083333333333 0.4166666666666668
0 0.6784722222222223 0.3098958333333334 0.5842013888888888 0.3098958333333334 0.5842013888888888 0.3932291666666668 0.6784722222222223 0.3932291666666668
0 0.5723958333333333 0.3125000000000001 0.4869791666666667 0.3125000000000001 0.4869791666666667 0.4270833333333334 0.5723958333333333 0.4270833333333334
0 0.16770833333333338 0.3255208333333333 0.059895833333333356 0.3255208333333333 0.05989583333333336 0.4140625 0.16770833333333338 0.4140625
0 0.4092013888888889 0.31770833333333337 0.3220486111111111 0.3177083333333333 0.3220486111111111 0.42968750000000006 0.4092013888888889 0.4296875000000001
0 0.7861111111111111 0.3802083333333334 0.6848958333333334 0.3802083333333334 0.6848958333333334 0.4817708333333334 0.7861111111111111 0.4817708333333334
3 0.6993055555555555 0.3046875000000001 0.5460069444444444 0.3046875000000001 0.5460069444444444 0.8255208333333335 0.6993055555555555 0.8255208333333336
3 0.6053819444444445 0.3307291666666668 0.45034722222222223 0.3307291666666668 0.45034722222222223 0.8098958333333334 0.6053819444444445 0.8098958333333334
3 0.4404513888888889 0.32291666666666674 0.2699652777777778 0.3229166666666667 0.2699652777777778 0.8229166666666666 0.4404513888888889 0.8229166666666666
3 0.7982638888888889 0.3671875000000001 0.6760416666666667 0.3671875000000001 0.6760416666666667 0.8203125000000002 0.7982638888888889 0.8203125000000002
2 0.2840277777777778 0.4348958333333333 0.16059027777777782 0.4348958333333333 0.16059027777777785 0.7864583333333334 0.2840277777777779 0.7864583333333334
4 0.5897569444444445 0.4557291666666668 0.4626736111111111 0.4557291666666668 0.4626736111111111 0.7786458333333334 0.5897569444444445 0.7786458333333334
4 0.6888888888888889 0.4713541666666668 0.5703125 0.4713541666666668 0.5703125 0.7812500000000001 0.6888888888888889 0.7812500000000002
4 0.42135416666666664 0.46354166666666674 0.2734375 0.4635416666666667 0.27343750000000006 0.796875 0.42135416666666664 0.796875
3 0.9232638888888889 0.2760416666666668 0.7473958333333334 0.2760416666666668 0.7473958333333334 1.0000000000000002 0.9232638888888889 1.0000000000000002
3 0.28576388888888893 0.2864583333333333 0.17621527777777782 0.2864583333333333 0.17621527777777785 1 0.285763888888889 1
2 0.17465277777777782 0.4817708333333333 0.06510416666666671 0.4817708333333333 0.06510416666666671 0.828125 0.17465277777777785 0.828125
3 0.19895833333333338 0.3203125 0.05468750000000002 0.3203125 0.05468750000000005 0.9895833333333334 0.1989583333333334 0.9895833333333334
4 0.8954861111111111 0.4765625000000001 0.7612847222222222 0.4765625000000001 0.7612847222222222 0.8984375000000002 0.8954861111111111 0.8984375000000002