1 0.8483535528596187 0.15549597855227895 0.695840554592721 0.15549597855227892 0.695840554592721 0.2654155495978554 0.8483535528596187 0.2654155495978554
0 0.25043327556325823 0.13672922252010727 0.10831889081455806 0.13672922252010727 0.10831889081455807 0.289544235924933 0.25043327556325823 0.28954423592493306
1 0.6490467937608319 0.21179624664879368 0.5034662045060658 0.21179624664879365 0.5034662045060658 0.3351206434316355 0.6490467937608319 0.33512064343163556
0 0.47053726169844023 0.25737265415549604 0.33535528596187175 0.25737265415549604 0.33535528596187175 0.38873994638069714 0.47053726169844023 0.3887399463806972
3 0.34575389948006935 0.12600536193029493 0.04939341421143849 0.1260053619302949 0.049393414211438516 1 0.3457538994800694 1
3 0.9454072790294628 0.15549597855227898 0.608318890814558 0.15549597855227892 0.608318890814558 1.0000000000000002 0.9454072790294628 1.0000000000000002
3 0.6802426343154246 0.20107238605898134 0.4480069324090121 0.2010723860589813 0.4480069324090121 1 0.6802426343154246 1
3 0.4896013864818024 0.2359249329758714 0.3006932409012132 0.2359249329758714 0.30069324090121324 1 0.4896013864818024 1
2 0.9280762564991335 0.35924932975871327 0.6447140381282496 0.35924932975871327 0.6447140381282496 0.9383378016085793 0.9280762564991335 0.9383378016085794
2 0.3318890814558059 0.4383378016085791 0.04072790294627387 0.4383378016085791 0.04072790294627389 0.982573726541555 0.331889081455806 0.982573726541555
2 0.6351819757365684 0.47721179624664894 0.4358752166377816 0.47721179624664894 0.43587521663778167 1 0.6351819757365684 1
2 0.4913344887348354 0.5067024128686328 0.3076256499133449 0.5067024128686327 0.30762564991334496 1 0.4913344887348354 1
0 0.6871750433275563 0.6514745308310993 0.4861351819757366 0.6514745308310993 0.4861351819757366 0.9088471849865952 0.6871750433275563 0.9088471849865952