0 0.8974609375 0.1759834368530023 0.845703125 0.1759834368530023 0.845703125 0.24016563146997952 0.8974609375 0.24016563146997952
0 0.373046875 0.18219461697722575 0.3271484375 0.18219461697722572 0.3271484375 0.24430641821946178 0.373046875 0.2443064182194618
0 0.7294921875 0.20082815734989665 0.6728515625 0.20082815734989665 0.6728515625 0.2567287784679091 0.7294921875 0.2567287784679091
0 0.4716796875 0.2091097308488614 0.416015625 0.2091097308488614 0.416015625 0.26501035196687384 0.4716796875 0.26501035196687384
0 0.23046875 0.20289855072463775 0.18359375 0.20289855072463775 0.18359375 0.2732919254658386 0.23046875 0.27329192546583864
0 0.5380859375 0.2091097308488614 0.4912109375 0.2091097308488614 0.4912109375 0.28157349896480344 0.5380859375 0.28157349896480344
0 0.059570312500000014 0.2318840579710145 0.010742187500000014 0.2318840579710145 0.010742187500000016 0.3022774327122153 0.059570312500000014 0.3022774327122153
0 0.6240234375 0.23809523809523828 0.5751953125 0.23809523809523828 0.5751953125 0.308488612836439 0.6240234375 0.308488612836439
0 0.306640625 0.256728778467909 0.2548828125 0.256728778467909 0.2548828125 0.32712215320910987 0.306640625 0.32712215320910987
0 0.1396484375 0.2857142857142857 0.09277343750000003 0.2857142857142857 0.09277343750000003 0.3581780538302277 0.1396484375 0.3581780538302277
4 0.826171875 0.2691511387163563 0.7451171875 0.2691511387163563 0.7451171875 0.5900621118012425 0.826171875 0.5900621118012425
4 0.4013671875 0.32091097308488625 0.3134765625 0.32091097308488625 0.3134765625 0.5921325051759835 0.4013671875 0.5921325051759835
4 0.5595703125 0.3250517598343686 0.4814453125 0.3250517598343686 0.4814453125 0.5983436853002073 0.5595703125 0.5983436853002073
4 0.255859375 0.3271221532091098 0.1669921875 0.32712215320910976 0.16699218750000003 0.6149068322981367 0.255859375 0.6149068322981367
4 0.7421875 0.3395445134575571 0.6630859375 0.33954451345755704 0.6630859375 0.6149068322981369 0.7421875 0.6149068322981369
4 0.486328125 0.30641821946169784 0.4052734375 0.30641821946169784 0.4052734375 0.6542443064182196 0.486328125 0.6542443064182197
4 0.65234375 0.36024844720496907 0.564453125 0.36024844720496907 0.564453125 0.6128364389233957 0.65234375 0.6128364389233957
4 0.8896484375 0.3333333333333336 0.8427734375 0.3333333333333336 0.8427734375 0.6521739130434785 0.8896484375 0.6521739130434785
4 1 0.3105590062111804 0.9033203125 0.3105590062111804 0.9033203125 0.6811594202898553 1 0.6811594202898553
4 0.3134765625 0.3747412008281575 0.2490234375 0.3747412008281575 0.24902343750000003 0.6231884057971014 0.3134765625 0.6231884057971014
4 0.07128906250000003 0.35403726708074534 0.002929687500000021 0.35403726708074534 0.0029296875000000295 0.6645962732919255 0.07128906250000003 0.6645962732919255
4 0.16894531250000003 0.40165631469979296 0.08398437500000003 0.40165631469979296 0.08398437500000003 0.6666666666666666 0.16894531250000006 0.6666666666666666
3 0.8447265625 0.10351966873706024 0.7373046875 0.10351966873706024 0.7373046875 1.0000000000000002 0.8447265625 1.0000000000000002
3 1 0.1283643892339547 0.8994140625 0.12836438923395468 0.8994140625 1.0000000000000002 1 1.0000000000000002
3 0.40917968750000006 0.18012422360248456 0.3076171875 0.18012422360248453 0.30761718750000006 0.989648033126294 0.4091796875000001 0.989648033126294
3 0.49511718750000006 0.1966873706004142 0.4052734375 0.1966873706004142 0.40527343750000006 0.9979296066252589 0.4951171875000001 0.997929606625259
3 0.7529296875 0.20082815734989665 0.65625 0.20082815734989665 0.65625 1.0000000000000002 0.7529296875 1.0000000000000002
3 0.26269531250000006 0.20289855072463775 0.1650390625 0.20289855072463775 0.16503906250000003 1 0.2626953125000001 1
3 0.568359375 0.20910973084886142 0.48046875 0.2091097308488614 0.48046875000000006 1.0000000000000002 0.568359375 1.0000000000000002
3 0.08203125000000003 0.2277432712215321 1.3155385537715708e-17 0.2277432712215321 3.5459743744842795e-17 1 0.08203125000000006 1
3 0.6669921875 0.22981366459627345 0.5654296875 0.22981366459627342 0.5654296875 1.0000000000000002 0.6669921875 1.0000000000000002
3 0.31542968750000006 0.256728778467909 0.2431640625 0.256728778467909 0.24316406250000003 1 0.3154296875000001 1
3 0.16601562500000003 0.2774327122153209 0.08300781250000003 0.2774327122153209 0.08300781250000004 1 0.16601562500000006 1
0 0.8056640625 0.10351966873706024 0.7451171875 0.10351966873706024 0.7451171875 0.1821946169772259 0.8056640625 0.18219461697722591
0 0.8564453125 0.1594202898550727 0.8056640625 0.1594202898550727 0.8056640625 0.22567287784679113 0.8564453125 0.22567287784679113
0 0.9833984375 0.14492753623188429 0.8994140625 0.14492753623188429 0.8994140625 0.24223602484472073 0.9833984375 0.24223602484472073