1 0.81015625 0.4319444444444446 0.72734375 0.4319444444444446 0.72734375 0.501388888888889 0.81015625 0.501388888888889
1 0.65546875 0.4638888888888891 0.58515625 0.4638888888888891 0.58515625 0.5527777777777779 0.65546875 0.5527777777777779
0 0.94453125 0.501388888888889 0.87578125 0.501388888888889 0.87578125 0.5819444444444446 0.94453125 0.5819444444444446
2 0.4296875 0.551388888888889 0.38984375 0.551388888888889 0.38984375000000004 0.676388888888889 0.4296875 0.676388888888889
2 0.496875 0.5736111111111113 0.45234375 0.5736111111111113 0.45234375 0.7041666666666668 0.496875 0.7041666666666668
3 0.44375 0.4847222222222224 0.38515625 0.4847222222222224 0.38515625000000003 0.8555555555555555 0.44375 0.8555555555555555
3 0.5109375 0.4958333333333335 0.44765625 0.4958333333333335 0.44765625 0.8513888888888889 0.5109375 0.8513888888888889
3 0.82421875 0.4319444444444446 0.70078125 0.4319444444444446 0.70078125 1.0000000000000002 0.82421875 1.0000000000000002
3 0.9453125 0.45972222222222237 0.85078125 0.45972222222222237 0.85078125 0.9944444444444448 0.9453125 0.9944444444444448
3 0.66328125 0.46527777777777796 0.51796875 0.46527777777777796 0.51796875 1 0.66328125 1
2 0.81484375 0.6180555555555557 0.715625 0.6180555555555557 0.715625 0.9166666666666669 0.81484375 0.916666666666667
2 0.64140625 0.651388888888889 0.54296875 0.651388888888889 0.54296875 0.9291666666666667 0.64140625 0.9291666666666667
2 0.93359375 0.6611111111111113 0.85703125 0.6611111111111113 0.85703125 0.929166666666667 0.93359375 0.929166666666667