0 0.5989583333333334 0.27762039660056675 0.575 0.27762039660056675 0.575 0.33427762039660075 0.5989583333333334 0.33427762039660075
0 0.45208333333333334 0.27478753541076506 0.415625 0.27478753541076506 0.415625 0.33994334277620414 0.45208333333333334 0.33994334277620414
0 0.25833333333333336 0.28328611898017003 0.21770833333333334 0.28328611898017003 0.21770833333333334 0.34844192634560917 0.25833333333333336 0.34844192634560917
0 0.49375 0.2974504249291786 0.45729166666666665 0.2974504249291786 0.45729166666666665 0.39093484419263475 0.49375 0.39093484419263475
0 0.19791666666666666 0.30594900849858364 0.15104166666666666 0.30594900849858364 0.15104166666666666 0.39660056657223797 0.19791666666666666 0.39660056657223797
0 0.5791666666666667 0.31161473087818714 0.54375 0.31161473087818714 0.54375 0.3994334277620398 0.5791666666666667 0.3994334277620398
0 0.4041666666666667 0.3257790368271956 0.3625 0.32577903682719556 0.3625 0.4079320113314449 0.4041666666666667 0.4079320113314449
0 0.30625 0.33427762039660064 0.25833333333333336 0.33427762039660064 0.25833333333333336 0.42209631728045344 0.30625 0.42209631728045344
0 0.0979166666666667 0.34277620396600567 0.04270833333333335 0.34277620396600567 0.04270833333333335 0.43059490084985835 0.0979166666666667 0.43059490084985835
0 0.6583333333333333 0.351274787535411 0.6104166666666667 0.351274787535411 0.6104166666666667 0.444759206798867 0.6583333333333333 0.444759206798867
0 0.15208333333333332 0.39943342776203966 0.10000000000000003 0.39943342776203966 0.10000000000000003 0.4730878186968839 0.15208333333333332 0.4730878186968839
0 0.35208333333333336 0.39660056657223813 0.303125 0.39660056657223813 0.303125 0.4815864022662891 0.35208333333333336 0.4815864022662891
0 0.46041666666666664 0.4022662889518415 0.4114583333333333 0.4022662889518415 0.4114583333333333 0.4815864022662891 0.46041666666666664 0.4815864022662891
0 0.25104166666666666 0.40793201133144485 0.19270833333333334 0.40793201133144474 0.19270833333333334 0.5042492917847027 0.25104166666666666 0.5042492917847027
0 0.5510416666666667 0.4079320113314449 0.49895833333333334 0.4079320113314449 0.49895833333333334 0.5155807365439095 0.5510416666666667 0.5155807365439095
4 0.0854166666666667 0.5212464589235127 0.030208333333333354 0.5212464589235127 0.03020833333333336 0.7818696883852692 0.0854166666666667 0.7818696883852692
3 0.10104166666666671 0.3342776203966006 0.018750000000000013 0.3342776203966006 0.01875000000000003 1 0.10104166666666672 1
3 0.6885416666666667 0.3456090651558076 0.5885416666666666 0.3456090651558075 0.5885416666666666 1.0000000000000002 0.6885416666666667 1.0000000000000002
4 0.6666666666666666 0.5155807365439095 0.5947916666666667 0.5155807365439095 0.5947916666666667 0.8385269121813035 0.6666666666666666 0.8385269121813035
3 0.38125 0.36827195467422114 0.2791666666666667 0.36827195467422114 0.2791666666666667 1 0.38125 1
4 0.35625 0.5325779036827197 0.29375 0.5325779036827197 0.29375 0.8413597733711048 0.35625 0.8413597733711048
3 0.15833333333333335 0.3881019830028329 0.08125000000000003 0.3881019830028329 0.08125000000000004 1 0.15833333333333338 1
3 0.25520833333333337 0.40793201133144485 0.18125 0.40793201133144474 0.18125000000000002 1 0.25520833333333337 1
3 0.471875 0.41926345609065174 0.384375 0.41926345609065174 0.384375 1 0.471875 1
3 0.5708333333333333 0.4277620396600568 0.4822916666666667 0.4277620396600568 0.4822916666666667 1.0000000000000002 0.5708333333333333 1.0000000000000002
4 0.5708333333333333 0.5524079320113316 0.490625 0.5524079320113316 0.490625 0.8781869688385272 0.5708333333333333 0.8781869688385272
4 0.2541666666666667 0.5580736543909349 0.18541666666666667 0.5580736543909348 0.1854166666666667 0.886685552407932 0.2541666666666667 0.886685552407932
4 0.46875 0.586402266288952 0.4010416666666667 0.586402266288952 0.4010416666666667 0.8668555240793201 0.46875 0.8668555240793201
4 0.1604166666666667 0.5694050991501416 0.0854166666666667 0.5694050991501416 0.0854166666666667 0.8923512747875354 0.16041666666666674 0.8923512747875354
0 0.36666666666666664 0.2379603399433429 0.32916666666666666 0.23796033994334287 0.32916666666666666 0.32294617563739386 0.36666666666666664 0.3229461756373939