0 0.21777777777777776 0.05833333333333337 0.08444444444444445 0.058333333333333355 0.08444444444444445 0.18250000000000002 0.21777777777777776 0.18250000000000005
0 0.725 0.11416666666666679 0.5933333333333334 0.11416666666666676 0.5933333333333334 0.23916666666666675 0.725 0.23916666666666675
0 0.4494444444444444 0.12250000000000007 0.3233333333333333 0.12250000000000005 0.3233333333333333 0.24416666666666675 0.4494444444444444 0.24416666666666675
0 0.9588888888888889 0.1108333333333335 0.8011111111111111 0.11083333333333348 0.8011111111111111 0.26333333333333353 0.9588888888888889 0.26333333333333353
3 0.2527777777777778 0.06083333333333336 0.0044444444444444505 0.060833333333333336 0.004444444444444488 1 0.2527777777777778 1
3 0.7716666666666666 0.10583333333333345 0.5266666666666666 0.10583333333333343 0.5266666666666667 1 0.7716666666666666 1
3 0.9833333333333333 0.1108333333333335 0.7733333333333333 0.11083333333333348 0.7733333333333333 1 0.9833333333333333 1
4 0.24333333333333337 0.275 0.013888888888888912 0.275 0.013888888888888935 0.8416666666666667 0.2433333333333334 0.8416666666666667
3 0.5027777777777779 0.11916666666666674 0.25833333333333336 0.11916666666666671 0.25833333333333336 1 0.5027777777777779 1
4 0.49555555555555564 0.3475000000000001 0.2677777777777778 0.3475000000000001 0.26777777777777784 0.8725 0.4955555555555557 0.8725
4 0.7677777777777778 0.3725000000000001 0.5472222222222223 0.3725000000000001 0.5472222222222223 0.8941666666666667 0.7677777777777778 0.8941666666666667
4 0.9955555555555555 0.3808333333333335 0.7861111111111111 0.3808333333333335 0.7861111111111111 1 0.9955555555555555 1