0 0.5519083969465649 0.3419267299864316 0.5076335877862596 0.34192672998643153 0.5076335877862596 0.4043419267299866 0.5519083969465649 0.4043419267299866
1 0.24656488549618322 0.3473541383989145 0.2083969465648855 0.3473541383989145 0.2083969465648855 0.4016282225237449 0.24656488549618322 0.4016282225237449
0 0.449618320610687 0.3636363636363638 0.40381679389312974 0.3636363636363638 0.40381679389312974 0.4206241519674357 0.449618320610687 0.4206241519674357
1 0.7198473282442748 0.3772048846675714 0.6740458015267176 0.3772048846675714 0.6740458015267176 0.42605156037991876 0.7198473282442748 0.42605156037991876
1 0.632824427480916 0.3772048846675714 0.5900763358778626 0.3772048846675714 0.5900763358778626 0.44504748982360937 0.632824427480916 0.44504748982360937
1 0.3656488549618321 0.39348710990502045 0.32595419847328244 0.39348710990502034 0.32595419847328244 0.4477611940298508 0.3656488549618321 0.4477611940298509
1 0.8358778625954199 0.4097693351424696 0.7900763358778626 0.4097693351424696 0.7900763358778626 0.4613297150610585 0.8358778625954199 0.4613297150610585
1 0.6419847328244275 0.46947082767978304 0.6145038167938931 0.46947082767978304 0.6145038167938931 0.521031207598372 0.6419847328244275 0.521031207598372
2 0.6312977099236641 0.45318860244233394 0.5702290076335877 0.45318860244233394 0.5702290076335877 0.6594301221166894 0.6312977099236641 0.6594301221166894
2 0.2603053435114504 0.4450474898236092 0.17022900763358784 0.4450474898236092 0.17022900763358784 0.6811397557666214 0.26030534351145046 0.6811397557666214
2 0.46946564885496184 0.45318860244233394 0.3793893129770992 0.45318860244233394 0.37938931297709927 0.6811397557666216 0.46946564885496184 0.6811397557666216
2 0.7519083969465649 0.47218453188602455 0.6648854961832061 0.47218453188602455 0.6648854961832061 0.6648575305291725 0.7519083969465649 0.6648575305291725
2 0.583969465648855 0.4477611940298509 0.4679389312977099 0.4477611940298509 0.4679389312977099 0.6919945725915877 0.583969465648855 0.6919945725915877
2 0.37328244274809164 0.4640434192672999 0.29236641221374043 0.46404341926729986 0.2923664122137405 0.7028493894165536 0.3732824427480917 0.7028493894165536
2 0.8603053435114504 0.5047489823609228 0.7625954198473283 0.5047489823609228 0.7625954198473283 0.7299864314789691 0.8603053435114504 0.7299864314789691
2 0.666412213740458 0.5454545454545456 0.5977099236641221 0.5454545454545456 0.5977099236641221 0.7272727272727273 0.666412213740458 0.7272727272727273
3 0.5641221374045802 0.328358208955224 0.46030534351145036 0.32835820895522394 0.46030534351145036 0.9552238805970149 0.5641221374045802 0.9552238805970149
3 0.37328244274809164 0.38534599728629587 0.2877862595419847 0.3853459972862958 0.2877862595419848 0.9308005427408412 0.3732824427480917 0.9308005427408412
3 0.2740458015267176 0.33378561736770695 0.15343511450381683 0.3337856173677069 0.15343511450381686 0.9850746268656716 0.27404580152671765 0.9850746268656716
3 0.6343511450381679 0.3690637720488468 0.5503816793893129 0.3690637720488468 0.5503816793893129 0.9525101763907734 0.6343511450381679 0.9525101763907734
3 0.45572519083969465 0.3690637720488468 0.3564885496183206 0.3690637720488468 0.35648854961832066 0.9633649932157394 0.45572519083969465 0.9633649932157394
3 0.7641221374045801 0.3826322930800544 0.6587786259541984 0.3826322930800544 0.6587786259541984 0.9715061058344642 0.7641221374045801 0.9715061058344644
3 0.8816793893129771 0.4097693351424696 0.7763358778625954 0.4097693351424696 0.7763358778625954 0.9660786974219813 0.8816793893129771 0.9660786974219813
3 0.6801526717557251 0.4776119402985076 0.5977099236641221 0.4776119402985076 0.5977099236641221 0.9715061058344641 0.6801526717557251 0.9715061058344641