0 0.7508333333333334 0.1426783479349188 0.6966666666666667 0.1426783479349188 0.6966666666666667 0.2152690863579476 0.7508333333333334 0.2152690863579476
0 0.24416666666666667 0.19649561952440553 0.1775 0.1964956195244055 0.1775 0.2590738423028786 0.24416666666666667 0.25907384230287867
0 0.6333333333333333 0.20525657071339187 0.5816666666666667 0.20525657071339187 0.5816666666666667 0.2740926157697123 0.6333333333333333 0.2740926157697123
0 0.4875 0.22403003754693374 0.43166666666666664 0.22403003754693374 0.43166666666666664 0.3028785982478098 0.4875 0.3028785982478098
0 0.4225 0.2553191489361703 0.3675 0.2553191489361703 0.3675 0.3003754693366709 0.4225 0.3003754693366709
4 0.7783333333333333 0.24906132665832303 0.68 0.24906132665832303 0.68 0.47183979974968726 0.7783333333333333 0.47183979974968726
4 0.6883333333333334 0.3053817271589488 0.5675 0.30538172715894873 0.5675 0.5131414267834795 0.6883333333333334 0.5131414267834795
4 0.2783333333333333 0.2903629536921152 0.15083333333333335 0.2903629536921151 0.15083333333333335 0.5644555694618273 0.2783333333333333 0.5644555694618273
4 0.5141666666666667 0.3153942428035045 0.41083333333333333 0.3153942428035045 0.41083333333333333 0.5657071339173969 0.5141666666666667 0.5657071339173969
3 0.8 0.14017521902377986 0.6691666666666667 0.14017521902377983 0.6691666666666667 0.7534418022528162 0.8 0.7534418022528163
4 0.4083333333333333 0.3654568210262829 0.3566666666666667 0.36545682102628285 0.3566666666666667 0.5769712140175219 0.4083333333333333 0.576971214017522
3 0.6916666666666667 0.19899874843554455 0.5733333333333334 0.1989987484355445 0.5733333333333334 0.8060075093867334 0.6916666666666667 0.8060075093867334
3 0.4266666666666667 0.24280350438047565 0.34833333333333333 0.24280350438047565 0.3483333333333334 0.8135168961201502 0.4266666666666667 0.8135168961201502
3 0.30000000000000004 0.19274092615769717 0.11916666666666667 0.1927409261576971 0.11916666666666671 0.9123904881101377 0.3000000000000001 0.9123904881101377
3 0.5475 0.23404255319148942 0.39666666666666667 0.23404255319148942 0.3966666666666667 0.8748435544430538 0.5475 0.8748435544430538