0 0.7838461538461539 0.14121338912133904 0.6238461538461538 0.14121338912133904 0.6238461538461538 0.2949790794979081 0.7838461538461539 0.2949790794979081
0 0.5453846153846154 0.2092050209205022 0.40692307692307694 0.20920502092050214 0.40692307692307694 0.33158995815899595 0.5453846153846154 0.33158995815899595
0 0.11846153846153851 0.2907949790794979 0.06076923076923079 0.2907949790794979 0.06076923076923079 0.34309623430962344 0.11846153846153851 0.34309623430962344
0 0.28692307692307695 0.301255230125523 0.2469230769230769 0.301255230125523 0.2469230769230769 0.35355648535564854 0.28692307692307695 0.35355648535564854
4 0.28307692307692306 0.33472803347280333 0.23923076923076922 0.33472803347280333 0.23923076923076922 0.4236401673640167 0.28307692307692306 0.4236401673640167
3 0.3007692307692308 0.30962343096234307 0.2376923076923077 0.30962343096234307 0.23769230769230773 0.5135983263598326 0.30076923076923084 0.5135983263598326
4 0.1438461538461539 0.35355648535564854 0.07076923076923079 0.35355648535564854 0.0707692307692308 0.49476987447698745 0.1438461538461539 0.49476987447698745
3 0.15461538461538465 0.27719665271966526 0.0530769230769231 0.27719665271966526 0.05307692307692312 0.6610878661087866 0.15461538461538465 0.6610878661087866
3 0.6069230769230769 0.20188284518828462 0.3546153846153846 0.2018828451882846 0.35461538461538467 0.7719665271966527 0.6069230769230769 0.7719665271966527
3 0.9092307692307692 0.1307531380753139 0.6146153846153846 0.13075313807531388 0.6146153846153846 0.8859832635983265 0.9092307692307692 0.8859832635983266
4 0.6030769230769231 0.4184100418410043 0.3723076923076923 0.4184100418410043 0.37230769230769234 0.7112970711297071 0.6030769230769231 0.7112970711297071
4 0.8953846153846153 0.4006276150627616 0.6315384615384615 0.4006276150627616 0.6315384615384615 0.8943514644351466 0.8953846153846153 0.8943514644351467