0 0.66875 0.16135084427767366 0.58875 0.16135084427767366 0.58875 0.24577861163227027 0.66875 0.24577861163227027
0 0.7825 0.15759849906191384 0.68 0.1575984990619138 0.68 0.26454033771106955 0.7825 0.26454033771106955
0 0.3975 0.16322701688555352 0.31375 0.16322701688555352 0.31375 0.277673545966229 0.3975 0.277673545966229
0 0.45125 0.2195121951219513 0.3925 0.21951219512195128 0.3925 0.303939962476548 0.45125 0.303939962476548
0 0.275 0.2288930581613509 0.1775 0.2288930581613509 0.1775 0.37335834896810505 0.275 0.37335834896810505
0 0.5575 0.277673545966229 0.47375 0.277673545966229 0.47375 0.36397748592870555 0.5575 0.36397748592870555
4 0.38875 0.2833020637898687 0.26125 0.28330206378986866 0.26125000000000004 0.626641651031895 0.38875 0.626641651031895
4 0.84125 0.33583489681050666 0.69875 0.33583489681050666 0.69875 0.6923076923076925 0.84125 0.6923076923076925
4 0.29375 0.37711069418386495 0.12375000000000004 0.3771106941838649 0.12375000000000005 0.7523452157598499 0.29375000000000007 0.7523452157598499
3 0.84125 0.16135084427767368 0.67875 0.16135084427767366 0.67875 1 0.84125 1
3 0.3975000000000001 0.16322701688555352 0.2775 0.16322701688555352 0.2775 1 0.39750000000000013 1
3 0.68125 0.1651031894934335 0.585 0.1651031894934335 0.5850000000000001 1 0.68125 1
3 0.46875000000000006 0.17823639774859296 0.3875 0.17823639774859293 0.38750000000000007 0.9943714821763602 0.46875000000000017 0.9943714821763602
3 0.28250000000000003 0.22138836772983117 0.11500000000000003 0.22138836772983114 0.11500000000000005 1 0.2825000000000001 1
3 0.6100000000000001 0.2682926829268294 0.4625 0.2682926829268294 0.4625000000000001 1 0.6100000000000001 1