4 0.18593750000000003 0.2972222222222223 0.026562500000000024 0.2972222222222222 0.026562500000000034 0.625 0.18593750000000003 0.625
4 0.646875 0.24166666666666678 0.4578125 0.24166666666666675 0.4578125 0.7055555555555557 0.646875 0.7055555555555557
2 0.9171875 0.26944444444444465 0.7359375 0.2694444444444446 0.7359375 0.7055555555555557 0.9171875 0.7055555555555557
2 0.38906250000000003 0.33055555555555566 0.2046875 0.33055555555555566 0.20468750000000005 0.6611111111111112 0.3890625000000001 0.6611111111111113
3 0.671875 0.052777777777777896 0.440625 0.052777777777777875 0.440625 1 0.671875 1
3 0.9390625 0.07500000000000018 0.7078125 0.07500000000000016 0.7078125 1.0000000000000002 0.9390625 1.0000000000000002
3 0.4109375 0.14166666666666672 0.1921875 0.14166666666666672 0.19218750000000004 1 0.4109375 1
3 0.20000000000000004 0.16388888888888892 0.003125000000000011 0.1638888888888889 0.00312500000000004 1 0.2000000000000001 1
0 0.590625 0.055555555555555684 0.5125 0.05555555555555568 0.5125 0.13611111111111124 0.590625 0.13611111111111124
0 0.871875 0.08333333333333352 0.771875 0.08333333333333351 0.771875 0.1833333333333335 0.871875 0.1833333333333335
0 0.334375 0.14166666666666672 0.24375 0.14166666666666672 0.24375 0.2361111111111112 0.334375 0.2361111111111112
1 0.165625 0.16666666666666669 0.07343750000000002 0.16666666666666666 0.07343750000000002 0.24722222222222223 0.165625 0.24722222222222223