0 0.54625 0.27200000000000013 0.47125 0.27200000000000013 0.47125 0.3640000000000001 0.54625 0.3640000000000001
0 0.63875 0.2860000000000001 0.55375 0.2860000000000001 0.55375 0.3620000000000001 0.63875 0.3620000000000001
0 0.4175 0.3720000000000001 0.32625 0.3720000000000001 0.32625 0.4760000000000001 0.4175 0.4760000000000001
3 1 0.006000000000000176 0.79875 0.006000000000000156 0.79875 1.0000000000000002 1 1.0000000000000002
3 0.8625 0.18200000000000013 0.6825 0.1820000000000001 0.6825 1.0000000000000002 0.8625 1.0000000000000002
2 0.38875 0.49800000000000005 0.2875000000000001 0.498 0.2875000000000001 0.728 0.38875 0.728
3 0.5487500000000001 0.2680000000000001 0.415 0.2680000000000001 0.4150000000000001 1 0.5487500000000002 1
2 0.84375 0.46000000000000013 0.705 0.46000000000000013 0.705 0.8320000000000002 0.84375 0.8320000000000002
3 0.7 0.2920000000000001 0.49625 0.2920000000000001 0.4962500000000001 1.0000000000000002 0.7 1.0000000000000002
3 0.41125000000000006 0.35600000000000004 0.24 0.356 0.24000000000000005 1 0.4112500000000001 1
4 0.66125 0.4780000000000001 0.52 0.4780000000000001 0.52 0.8820000000000001 0.66125 0.8820000000000002