0 0.5769230769230769 0.38022813688212936 0.5336538461538461 0.38022813688212936 0.5336538461538461 0.44106463878327007 0.5769230769230769 0.44106463878327007
0 0.7067307692307693 0.3840304182509507 0.6634615384615384 0.3840304182509507 0.6634615384615384 0.45247148288973393 0.7067307692307693 0.45247148288973393
0 0.2572115384615385 0.42585551330798477 0.21153846153846154 0.42585551330798477 0.21153846153846156 0.4790874524714829 0.25721153846153855 0.4790874524714829
0 0.43028846153846156 0.4334600760456275 0.38461538461538464 0.4334600760456275 0.38461538461538464 0.4828897338403043 0.43028846153846156 0.4828897338403043
4 0.7211538461538461 0.4828897338403043 0.6610576923076923 0.4828897338403043 0.6610576923076923 0.6311787072243348 0.7211538461538461 0.6311787072243348
4 0.5841346153846154 0.479087452471483 0.5216346153846154 0.479087452471483 0.5216346153846154 0.6387832699619773 0.5841346153846154 0.6387832699619774
4 0.4495192307692308 0.5133079847908745 0.3605769230769231 0.5133079847908745 0.3605769230769231 0.6958174904942965 0.4495192307692308 0.6958174904942965
4 0.2716346153846155 0.5095057034220533 0.19471153846153852 0.5095057034220533 0.19471153846153852 0.6996197718631179 0.2716346153846155 0.6996197718631179
3 0.7259615384615384 0.3840304182509507 0.6634615384615384 0.3840304182509507 0.6634615384615384 0.8479087452471485 0.7259615384615384 0.8479087452471485
3 0.5985576923076923 0.3840304182509507 0.5216346153846154 0.3840304182509507 0.5216346153846154 0.855513307984791 0.5985576923076923 0.8555133079847911
3 0.4519230769230769 0.4220532319391636 0.3605769230769231 0.4220532319391636 0.3605769230769231 0.8745247148288974 0.4519230769230769 0.8745247148288974
3 0.2836538461538462 0.42205323193916355 0.18509615384615385 0.4220532319391635 0.18509615384615388 0.9011406844106464 0.2836538461538462 0.9011406844106464