0 0.3098958333333333 0.2194444444444445 0.2947916666666667 0.2194444444444445 0.2947916666666667 0.24722222222222232 0.3098958333333333 0.24722222222222232
0 0.35052083333333334 0.2231481481481482 0.33489583333333334 0.2231481481481482 0.33489583333333334 0.2527777777777779 0.35052083333333334 0.2527777777777779
3 0.35885416666666664 0.2194444444444445 0.3296875 0.2194444444444445 0.3296875 0.2898148148148149 0.35885416666666664 0.2898148148148149
0 0.2677083333333333 0.2453703703703705 0.253125 0.2453703703703705 0.253125 0.26944444444444454 0.2677083333333333 0.26944444444444454
1 0.16302083333333334 0.24722222222222223 0.146875 0.24722222222222223 0.146875 0.275 0.16302083333333334 0.275
2 0.3171875 0.23981481481481493 0.2911458333333333 0.23981481481481493 0.2911458333333333 0.31203703703703717 0.3171875 0.31203703703703717
2 0.35572916666666665 0.24722222222222232 0.33229166666666665 0.24722222222222232 0.33229166666666665 0.30462962962962975 0.35572916666666665 0.30462962962962975
3 0.32135416666666666 0.21666666666666673 0.2890625 0.21666666666666673 0.2890625 0.3611111111111112 0.32135416666666666 0.3611111111111112
2 0.2 0.2638888888888889 0.17604166666666668 0.2638888888888889 0.17604166666666668 0.3194444444444444 0.2 0.3194444444444444
2 0.1671875 0.26851851851851855 0.14427083333333332 0.26851851851851855 0.14427083333333332 0.3333333333333333 0.1671875 0.3333333333333333
2 0.27291666666666664 0.2675925925925927 0.24479166666666666 0.2675925925925927 0.24479166666666666 0.34074074074074084 0.27291666666666664 0.34074074074074084
3 0.20416666666666666 0.24074074074074073 0.17552083333333332 0.24074074074074073 0.17552083333333332 0.38796296296296295 0.20416666666666666 0.38796296296296295
3 0.2791666666666667 0.2425925925925927 0.24375 0.2425925925925927 0.24375 0.388888888888889 0.2791666666666667 0.388888888888889
3 0.175 0.2462962962962963 0.1421875 0.2462962962962963 0.1421875 0.39444444444444443 0.175 0.39444444444444443