1 0.256 0.23582474226804132 0.21066666666666667 0.23582474226804132 0.21066666666666667 0.2835051546391753 0.256 0.2835051546391753
4 0.5013333333333333 0.1675257731958764 0.3913333333333333 0.16752577319587636 0.3913333333333333 0.44587628865979395 0.5013333333333333 0.44587628865979395
4 0.26466666666666666 0.31314432989690727 0.1526666666666667 0.3131443298969072 0.1526666666666667 0.5618556701030928 0.26466666666666666 0.5618556701030928
3 0.512 0.0463917525773197 0.37666666666666665 0.04639175257731968 0.37666666666666665 0.8891752577319587 0.512 0.8891752577319587
0 0.35733333333333334 0.5012886597938145 0.29933333333333334 0.5012886597938144 0.29933333333333334 0.5786082474226805 0.35733333333333334 0.5786082474226806
3 0.2706666666666667 0.21649484536082478 0.14133333333333334 0.21649484536082475 0.14133333333333334 0.8827319587628866 0.2706666666666667 0.8827319587628866
3 0.3993333333333333 0.481958762886598 0.2906666666666667 0.48195876288659795 0.2906666666666667 0.8118556701030928 0.3993333333333333 0.8118556701030928
0 0.5553333333333333 0.740979381443299 0.492 0.740979381443299 0.492 0.8853092783505154 0.5553333333333333 0.8853092783505154
3 0.7086666666666667 0.7319587628865981 0.48933333333333334 0.7319587628865979 0.48933333333333334 0.9381443298969073 0.7086666666666667 0.9381443298969075
4 0.6673333333333333 0.7654639175257734 0.5706666666666667 0.7654639175257731 0.5706666666666667 0.9420103092783506 0.6673333333333333 0.9420103092783508
0 0.46266666666666667 0.05541237113402072 0.408 0.05541237113402071 0.408 0.14175257731958774 0.46266666666666667 0.14175257731958774