0 0.83 0.19796954314720833 0.75625 0.19796954314720833 0.75625 0.32487309644670065 0.83 0.32487309644670065
1 0.29875 0.20812182741116758 0.2425 0.20812182741116758 0.2425 0.3197969543147209 0.29875 0.3197969543147209
0 0.5675 0.2258883248730966 0.52125 0.2258883248730966 0.52125 0.30456852791878186 0.5675 0.30456852791878186
0 0.5075 0.2258883248730966 0.4475 0.2258883248730966 0.4475 0.3096446700507616 0.5075 0.3096446700507616
0 0.7425 0.21573604060913723 0.67375 0.2157360406091372 0.67375 0.32487309644670065 0.7425 0.32487309644670065
3 0.43625 0.18274111675126914 0.38125 0.1827411167512691 0.38125 0.40355329949238594 0.43625 0.40355329949238594
0 0.39125 0.25380710659898487 0.34 0.25380710659898487 0.34 0.3426395939086296 0.39125 0.3426395939086296
3 0.68625 0.17512690355329963 0.57 0.17512690355329963 0.57 0.5659898477157362 0.68625 0.5659898477157362
3 0.515 0.2284263959390864 0.42 0.22842639593908637 0.42 0.5431472081218276 0.515 0.5431472081218276
3 0.6 0.22335025380710674 0.50625 0.22335025380710674 0.50625 0.5736040609137057 0.6 0.5736040609137057
3 0.41125 0.25380710659898487 0.32375 0.25380710659898487 0.32375 0.586294416243655 0.41125 0.586294416243655
4 0.67125 0.3274111675126905 0.59375 0.3274111675126905 0.59375 0.5152284263959392 0.67125 0.5152284263959392
4 0.51125 0.3223350253807108 0.42875 0.32233502538071074 0.42875 0.5456852791878174 0.51125 0.5456852791878174
3 0.75125 0.21573604060913723 0.66875 0.2157360406091372 0.66875 0.6573604060913708 0.75125 0.6573604060913708
4 0.74625 0.3401015228426397 0.68375 0.3401015228426397 0.68375 0.5609137055837565 0.74625 0.5609137055837565
4 0.59 0.34517766497461944 0.5125 0.34517766497461944 0.5125 0.5812182741116753 0.59 0.5812182741116753
4 0.4125 0.3477157360406093 0.31375 0.3477157360406093 0.31375 0.5837563451776652 0.4125 0.5837563451776652
4 0.86125 0.352791878172589 0.75125 0.352791878172589 0.75125 0.6776649746192897 0.86125 0.6776649746192897
4 0.98625 0.34263959390862964 0.865 0.3426395939086296 0.865 0.7106598984771576 0.98625 0.7106598984771576
0 0.53875 0.48984771573604075 0.47125 0.48984771573604075 0.47125 0.5913705583756347 0.53875 0.5913705583756347
0 0.43875 0.5000000000000001 0.385 0.5000000000000001 0.385 0.5964467005076144 0.43875 0.5964467005076144
0 0.655 0.5050761421319798 0.59125 0.5050761421319798 0.59125 0.6065989847715737 0.655 0.6065989847715737
3 0.23500000000000004 0.16751269035532998 0.11375 0.16751269035532995 0.11375000000000003 0.9670050761421319 0.23500000000000007 0.9670050761421319
3 0.31375000000000003 0.19543147208121833 0.22125 0.19543147208121833 0.22125000000000003 0.9568527918781726 0.3137500000000001 0.9568527918781726
3 0.98 0.18781725888324896 0.85875 0.18781725888324896 0.85875 0.9796954314720815 0.98 0.9796954314720815
0 0.7275 0.535532994923858 0.66375 0.535532994923858 0.66375 0.6522842639593911 0.7275 0.6522842639593911
3 0.86625 0.2055837563451779 0.74 0.2055837563451779 0.74 1.0000000000000002 0.86625 1.0000000000000002
0 0.31625000000000003 0.5837563451776651 0.25125 0.583756345177665 0.25125000000000003 0.7411167512690355 0.3162500000000001 0.7411167512690355
3 0.6725 0.5076142131979697 0.5775 0.5076142131979697 0.5775 0.9492385786802032 0.6725 0.9492385786802033
3 0.56125 0.48984771573604075 0.45875 0.48984771573604075 0.45875 1 0.56125 1
3 0.45 0.50253807106599 0.33625 0.50253807106599 0.33625 0.9974619289340102 0.45 0.9974619289340102
3 0.795 0.5380710659898479 0.66 0.5380710659898479 0.66 1.0000000000000002 0.795 1.0000000000000002
0 0.375 0.13451776649746203 0.325 0.134517766497462 0.325 0.22842639593908637 0.375 0.22842639593908637
0 0.495 0.14467005076142142 0.44875 0.14467005076142142 0.44875 0.23096446700507628 0.495 0.23096446700507628
0 0.33375 0.17005076142131986 0.285 0.17005076142131986 0.285 0.2461928934010153 0.33375 0.2461928934010153
0 0.22375 0.16497461928934012 0.13875 0.1649746192893401 0.13875 0.2791878172588833 0.22375 0.2791878172588833
0 0.43375 0.1878172588832488 0.38625 0.1878172588832488 0.38625 0.2715736040609138 0.43375 0.2715736040609138
0 0.65125 0.18781725888324888 0.5825 0.18781725888324888 0.5825 0.2842639593908631 0.65125 0.2842639593908631
0 0.96 0.17005076142132 0.88 0.17005076142132 0.88 0.31979695431472105 0.96 0.31979695431472105