2 0.7681491170699803 0.4943599803825406 0.6742969260954872 0.4943599803825406 0.6742969260954872 0.7346738597351645 0.7681491170699803 0.7346738597351645
2 0.5618051013734467 0.499264345267288 0.4421190320470896 0.499264345267288 0.4421190320470896 0.7591956841589014 0.5618051013734467 0.7591956841589014
2 0.6599084368868542 0.5532123589995097 0.5958142576847613 0.5532123589995096 0.5958142576847613 0.727807748896518 0.6599084368868542 0.7278077488965181
3 0.36003924133420545 0.30799411476213834 0.18214519293655984 0.3079941147621383 0.18214519293655987 1 0.3600392413342055 1
3 0.8139306736429038 0.32761157430112814 0.657946370176586 0.32761157430112814 0.6579463701765861 1.0000000000000002 0.8139306736429038 1.0000000000000002
2 0.3394375408763898 0.49435998038254053 0.19849574885546117 0.4943599803825405 0.19849574885546117 0.8523786169691026 0.3394375408763898 0.8523786169691026
3 0.5765206017004579 0.3643943109367338 0.41922825376062783 0.3643943109367338 0.41922825376062794 1 0.5765206017004579 1
3 0.6729888816219751 0.430603236880824 0.5827338129496403 0.430603236880824 0.5827338129496403 1.0000000000000002 0.6729888816219751 1.0000000000000002
0 0.3381294964028777 0.3178028445316332 0.24427730542838458 0.31780284453163316 0.24427730542838458 0.4109857773418343 0.3381294964028777 0.41098577734183434
0 0.7485284499672988 0.33496812162824924 0.6674296926095488 0.33496812162824924 0.6674296926095488 0.43550760176557146 0.7485284499672988 0.43550760176557146
0 0.5500327011118378 0.3766552231486024 0.4712230215827338 0.3766552231486024 0.4712230215827338 0.45414418832761166 0.5500327011118378 0.45414418832761166
0 0.6546762589928058 0.430603236880824 0.6046435578809679 0.430603236880824 0.6046435578809679 0.4977930358018638 0.6546762589928058 0.4977930358018638