0 0.475 0.19924812030075195 0.42583333333333334 0.19924812030075195 0.42583333333333334 0.2656641604010026 0.475 0.2656641604010026
0 0.43083333333333335 0.18922305764411035 0.36 0.18922305764411035 0.36 0.2794486215538848 0.43083333333333335 0.2794486215538848
0 0.7683333333333333 0.24436090225563925 0.7208333333333333 0.24436090225563925 0.7208333333333333 0.30952380952380965 0.7683333333333333 0.30952380952380965
0 0.8408333333333333 0.2518796992481204 0.7858333333333334 0.2518796992481204 0.7858333333333334 0.32706766917293245 0.8408333333333333 0.32706766917293245
0 0.6841666666666667 0.26566416040100266 0.63 0.26566416040100266 0.63 0.33959899749373446 0.6841666666666667 0.33959899749373446
0 0.5858333333333333 0.27192982456140363 0.5241666666666667 0.2719298245614036 0.5241666666666667 0.3508771929824563 0.5858333333333333 0.3508771929824563
0 0.9325 0.28696741854636604 0.8641666666666666 0.28696741854636604 0.8641666666666666 0.3759398496240603 0.9325 0.3759398496240603
4 0.7 0.3784461152882207 0.6191666666666666 0.3784461152882207 0.6191666666666666 0.5025062656641606 0.7 0.5025062656641606
4 0.5916666666666667 0.37468671679198007 0.5091666666666667 0.37468671679198007 0.5091666666666667 0.5162907268170428 0.5916666666666667 0.5162907268170428
4 0.8433333333333334 0.36215538847117806 0.7608333333333334 0.36215538847117806 0.7608333333333334 0.5350877192982457 0.8433333333333334 0.5350877192982457
4 0.44583333333333336 0.3345864661654136 0.33166666666666667 0.33458646616541354 0.33166666666666667 0.5776942355889725 0.44583333333333336 0.5776942355889726
3 0.43916666666666665 0.18671679197994995 0.3016666666666667 0.18671679197994995 0.3016666666666667 0.818295739348371 0.43916666666666665 0.818295739348371
4 0.9383333333333334 0.4097744360902257 0.855 0.4097744360902257 0.855 0.6378446115288222 0.9383333333333334 0.6378446115288222
0 0.7966666666666666 0.48496240601503776 0.7316666666666667 0.48496240601503776 0.7316666666666667 0.5664160401002508 0.7966666666666666 0.5664160401002508
0 0.6816666666666666 0.48872180451127833 0.6158333333333333 0.48872180451127833 0.6158333333333333 0.5726817042606518 0.6816666666666666 0.5726817042606518
0 0.5941666666666666 0.5037593984962407 0.5266666666666666 0.5037593984962407 0.5266666666666666 0.6015037593984964 0.5941666666666666 0.6015037593984964
0 0.5408333333333334 0.5162907268170428 0.45666666666666667 0.5162907268170428 0.45666666666666667 0.6265664160401004 0.5408333333333334 0.6265664160401004
3 0.9591666666666666 0.28446115288220564 0.8366666666666667 0.28446115288220564 0.8366666666666667 0.9360902255639101 0.9591666666666666 0.9360902255639101
3 0.7033333333333334 0.48746867167919816 0.6058333333333333 0.48746867167919816 0.6058333333333333 0.9335839598997494 0.7033333333333334 0.9335839598997494
3 0.8441666666666666 0.47869674185463673 0.71 0.47869674185463673 0.71 0.9711779448621556 0.8441666666666666 0.9711779448621557