0 0.39232053422370616 0.3202614379084968 0.332220367278798 0.3202614379084967 0.332220367278798 0.37472766884531594 0.39232053422370616 0.37472766884531605
0 0.2871452420701169 0.3137254901960784 0.22537562604340566 0.3137254901960784 0.22537562604340566 0.3877995642701525 0.2871452420701169 0.3877995642701525
0 0.5575959933222037 0.3333333333333335 0.5008347245409015 0.3333333333333335 0.5008347245409015 0.3986928104575165 0.5575959933222037 0.3986928104575165
0 0.4290484140233723 0.36383442265795213 0.3672787979966611 0.3638344226579521 0.3672787979966611 0.4291938997821351 0.4290484140233723 0.4291938997821352
0 0.672787979966611 0.3703703703703705 0.6143572621035058 0.3703703703703705 0.6143572621035058 0.4335511982570807 0.672787979966611 0.4335511982570807
0 0.7479131886477463 0.38344226579520707 0.6828046744574291 0.38344226579520707 0.6828046744574291 0.4488017429193901 0.7479131886477463 0.4488017429193901
0 0.8313856427378965 0.38562091503267987 0.7712854757929883 0.38562091503267987 0.7712854757929883 0.45098039215686286 0.8313856427378965 0.45098039215686286
0 0.32387312186978295 0.3877995642701525 0.2587646076794658 0.3877995642701525 0.2587646076794658 0.45098039215686275 0.32387312186978295 0.45098039215686275
0 0.5308848080133556 0.39215686274509814 0.4691151919866444 0.39215686274509814 0.4691151919866444 0.45969498910675394 0.5308848080133556 0.45969498910675394
0 0.22370617696160267 0.39651416122004357 0.1552587646076795 0.39651416122004357 0.1552587646076795 0.46187363834422657 0.22370617696160267 0.46187363834422657
0 0.6277128547579299 0.40522875816993476 0.5676126878130217 0.40522875816993476 0.5676126878130217 0.4662309368191722 0.6277128547579299 0.4662309368191722
4 0.44407345575959933 0.47494553376906323 0.3572621035058431 0.4749455337690632 0.35726210350584314 0.6601307189542484 0.44407345575959933 0.6601307189542484
4 0.7679465776293823 0.49237472766884544 0.676126878130217 0.49237472766884544 0.676126878130217 0.681917211328976 0.7679465776293823 0.681917211328976
4 0.33722871452420705 0.49673202614379086 0.24707846410684475 0.49673202614379086 0.24707846410684478 0.6797385620915033 0.3372287145242071 0.6797385620915033
4 0.6393989983305509 0.5076252723311548 0.5592654424040067 0.5076252723311548 0.5592654424040067 0.6753812636165577 0.6393989983305509 0.6753812636165577
2 0.8848080133555927 0.48366013071895436 0.7746243739565943 0.48366013071895436 0.7746243739565943 0.6993464052287582 0.8848080133555927 0.6993464052287585
2 0.5525876460767947 0.49455337690631823 0.4574290484140234 0.49455337690631823 0.4574290484140234 0.7037037037037037 0.5525876460767947 0.7037037037037037
4 0.2353923205342238 0.5119825708061002 0.1535893155258765 0.5119825708061002 0.1535893155258765 0.7124183006535948 0.2353923205342238 0.7124183006535948
3 0.8948247078464107 0.38344226579520707 0.7729549248747913 0.38344226579520707 0.7729549248747913 0.9433551198257082 0.8948247078464107 0.9433551198257083
3 0.4524207011686144 0.3660130718954249 0.34724540901502504 0.3660130718954248 0.3472454090150251 0.9694989106753813 0.4524207011686144 0.9694989106753813
3 0.5592654424040067 0.39433551198257094 0.44908180300500833 0.39433551198257094 0.44908180300500833 0.9411764705882353 0.5592654424040067 0.9411764705882353
3 0.7746243739565943 0.38562091503267987 0.671118530884808 0.38562091503267987 0.671118530884808 0.9498910675381264 0.7746243739565943 0.9498910675381264
3 0.657762938230384 0.4095860566448803 0.5626043405676127 0.4095860566448803 0.5626043405676127 0.9389978213507625 0.657762938230384 0.9389978213507625
3 0.34223706176961605 0.38344226579520696 0.2353923205342237 0.38344226579520696 0.23539232053422376 0.9956427015250545 0.3422370617696161 0.9956427015250545
3 0.23372287145242074 0.39433551198257083 0.10851419031719538 0.39433551198257083 0.10851419031719539 0.9934640522875817 0.2337228714524208 0.9934640522875817