3 0.49666666666666665 0.3325000000000001 0.43222222222222223 0.3325000000000001 0.43222222222222223 0.5025 0.49666666666666665 0.5025
0 0.9333333333333333 0.46083333333333354 0.8877777777777778 0.46083333333333354 0.8877777777777778 0.5100000000000002 0.9333333333333333 0.5100000000000002
0 0.7555555555555555 0.5066666666666668 0.7127777777777777 0.5066666666666668 0.7127777777777777 0.5550000000000002 0.7555555555555555 0.5550000000000002
0 0.8883333333333333 0.5191666666666669 0.8588888888888889 0.5191666666666669 0.8588888888888889 0.5550000000000002 0.8883333333333333 0.5550000000000002
4 0.9683333333333334 0.5316666666666668 0.8922222222222222 0.5316666666666668 0.8922222222222222 0.6833333333333336 0.9683333333333334 0.6833333333333336
4 0.7833333333333333 0.5566666666666669 0.7183333333333334 0.5566666666666669 0.7183333333333334 0.6616666666666668 0.7833333333333333 0.6616666666666668
4 0.325 0.5441666666666667 0.25055555555555564 0.5441666666666667 0.25055555555555564 0.6816666666666666 0.325 0.6816666666666666
4 0.8972222222222223 0.5650000000000002 0.8561111111111112 0.5650000000000002 0.8561111111111112 0.6783333333333336 0.8972222222222223 0.6783333333333336
4 0.6377777777777778 0.5566666666666669 0.5572222222222222 0.5566666666666669 0.5572222222222222 0.6916666666666669 0.6377777777777778 0.6916666666666669
3 0.9055555555555556 0.5241666666666669 0.8516666666666667 0.5241666666666669 0.8516666666666667 0.7708333333333335 0.9055555555555556 0.7708333333333335
3 0.79 0.5133333333333335 0.7127777777777777 0.5133333333333335 0.7127777777777777 0.7958333333333335 0.79 0.7958333333333335
3 0.9683333333333334 0.45666666666666683 0.8894444444444445 0.45666666666666683 0.8894444444444445 0.8733333333333333 0.9683333333333334 0.8733333333333333
3 0.3383333333333334 0.5066666666666667 0.2533333333333334 0.5066666666666667 0.2533333333333334 0.8333333333333334 0.3383333333333335 0.8333333333333334
3 0.6388888888888888 0.5216666666666668 0.5544444444444444 0.5216666666666668 0.5544444444444445 0.8425000000000001 0.6388888888888888 0.8425000000000001