0 0.8557114228456913 0.20430107526881733 0.6793587174348698 0.20430107526881727 0.6793587174348698 0.3682795698924733 0.8557114228456913 0.3682795698924733
0 0.7054108216432866 0.22043010752688183 0.5731462925851704 0.2204301075268818 0.5731462925851704 0.37096774193548404 0.7054108216432866 0.37096774193548404
0 0.44288577154308617 0.22311827956989255 0.3066132264529058 0.22311827956989255 0.3066132264529058 0.4032258064516129 0.44288577154308617 0.4032258064516129
3 0.27454909819639284 0.15591397849462368 0.03206412825651304 0.15591397849462366 0.03206412825651308 0.9919354838709677 0.2745490981963929 0.9919354838709677
3 0.8857715430861723 0.20698924731182808 0.6813627254509018 0.20698924731182802 0.6813627254509018 0.989247311827957 0.8857715430861723 0.989247311827957
2 0.43486973947895796 0.3897849462365591 0.25851703406813625 0.3897849462365591 0.2585170340681363 0.8172043010752689 0.434869739478958 0.8172043010752689
3 0.466933867735471 0.2204301075268818 0.2785571142284569 0.2204301075268818 0.27855711422845697 1 0.4669338677354711 1
3 0.717434869739479 0.22311827956989258 0.5350701402805611 0.22311827956989255 0.5350701402805611 0.9973118279569892 0.717434869739479 0.9973118279569892
2 0.7354709418837675 0.40322580645161304 0.5831663326653307 0.40322580645161304 0.5831663326653307 0.8225806451612904 0.7354709418837675 0.8225806451612904
2 0.27454909819639284 0.3629032258064516 0.03607214428857718 0.3629032258064516 0.03607214428857721 0.9301075268817204 0.2745490981963929 0.9301075268817204
2 0.8797595190380761 0.4354838709677421 0.687374749498998 0.4354838709677421 0.687374749498998 0.9516129032258065 0.8797595190380761 0.9516129032258065
0 0.2725450901803607 0.16129032258064518 0.10821643286573149 0.16129032258064516 0.10821643286573149 0.3602150537634409 0.2725450901803607 0.3602150537634409