0 0.5286486486486487 0.19706840390879488 0.46054054054054056 0.19706840390879488 0.46054054054054056 0.25407166123778513 0.5286486486486487 0.25407166123778513
0 0.3837837837837838 0.21661237785016296 0.31567567567567567 0.21661237785016296 0.31567567567567567 0.2801302931596092 0.3837837837837838 0.2801302931596092
0 0.8032432432432433 0.29153094462540735 0.774054054054054 0.29153094462540735 0.774054054054054 0.3273615635179155 0.8032432432432433 0.3273615635179155
0 0.8572972972972973 0.29153094462540735 0.8118918918918919 0.29153094462540735 0.8118918918918919 0.33550488599348555 0.8572972972972973 0.33550488599348555
0 0.6681081081081081 0.29153094462540724 0.6237837837837837 0.29153094462540724 0.6237837837837837 0.3664495114006516 0.6681081081081081 0.3664495114006516
3 0.9621621621621622 0.3485342019543976 0.9286486486486486 0.3485342019543976 0.9286486486486486 0.49674267100977215 0.9621621621621622 0.49674267100977215
2 0.8713513513513513 0.39576547231270376 0.8021621621621622 0.39576547231270376 0.8021621621621622 0.5635179153094464 0.8713513513513513 0.5635179153094464
2 0.5556756756756757 0.3469055374592835 0.44432432432432434 0.3469055374592835 0.44432432432432434 0.6205211726384365 0.5556756756756757 0.6205211726384366
2 0.7048648648648649 0.4218241042345279 0.6345945945945946 0.4218241042345279 0.6345945945945946 0.6058631921824106 0.7048648648648649 0.6058631921824106
2 0.38054054054054054 0.3729641693811076 0.29405405405405405 0.3729641693811076 0.29405405405405405 0.6742671009771987 0.38054054054054054 0.6742671009771987
3 0.8767567567567568 0.29153094462540735 0.8021621621621622 0.29153094462540735 0.8021621621621622 0.7573289902280133 0.8767567567567568 0.7573289902280133
3 0.707027027027027 0.29153094462540724 0.6075675675675676 0.29153094462540724 0.6075675675675676 0.8045602605863194 0.707027027027027 0.8045602605863194
3 0.585945945945946 0.2019543973941369 0.4345945945945946 0.2019543973941369 0.43459459459459465 0.9397394136807817 0.585945945945946 0.9397394136807817
3 0.4043243243243244 0.21661237785016296 0.2724324324324324 0.21661237785016296 0.2724324324324325 0.9869706840390879 0.40432432432432447 0.9869706840390879