0 0.82421875 0.22916666666666682 0.70546875 0.22916666666666682 0.70546875 0.33750000000000013 0.82421875 0.33750000000000013
1 0.2875 0.4097222222222222 0.2515625 0.4097222222222222 0.2515625 0.4583333333333333 0.2875 0.4583333333333333
0 0.6546875 0.41250000000000014 0.59765625 0.41250000000000014 0.59765625 0.48888888888888904 0.6546875 0.48888888888888904
1 0.4515625 0.4430555555555557 0.41484375 0.4430555555555557 0.41484375 0.4847222222222224 0.4515625 0.4847222222222224
1 0.52265625 0.45416666666666683 0.4875 0.45416666666666683 0.4875 0.5069444444444446 0.52265625 0.5069444444444446
3 0.84140625 0.2097222222222224 0.66171875 0.2097222222222224 0.66171875 0.9291666666666668 0.84140625 0.929166666666667
2 0.29531250000000003 0.49166666666666664 0.23671875 0.49166666666666664 0.23671875000000003 0.6722222222222223 0.2953125000000001 0.6722222222222223
2 0.52734375 0.5194444444444446 0.48046875 0.5194444444444446 0.48046875 0.6638888888888891 0.52734375 0.6638888888888891
2 0.46640625 0.5097222222222224 0.4015625 0.5097222222222224 0.4015625 0.6958333333333335 0.46640625 0.6958333333333335
2 0.6515625 0.5222222222222224 0.571875 0.5222222222222224 0.571875 0.7819444444444444 0.6515625 0.7819444444444444
3 0.5453125 0.4430555555555557 0.48203125 0.4430555555555557 0.48203125 0.8902777777777777 0.5453125 0.8902777777777777
3 0.30234375 0.4111111111111111 0.23046875 0.4111111111111111 0.23046875000000006 0.9388888888888889 0.3023437500000001 0.9388888888888889
3 0.46875 0.44027777777777793 0.39609375 0.44027777777777793 0.39609375 0.9402777777777778 0.46875 0.9402777777777778
3 0.65859375 0.4208333333333335 0.55546875 0.4208333333333335 0.55546875 1 0.65859375 1
2 0.8296875 0.47361111111111126 0.66328125 0.47361111111111126 0.66328125 0.9666666666666668 0.8296875 0.966666666666667