0 0.2866666666666667 0.286908077994429 0.17777777777777778 0.28690807799442897 0.1777777777777778 0.3955431754874652 0.2866666666666667 0.3955431754874652
0 0.9022222222222223 0.317548746518106 0.8155555555555556 0.317548746518106 0.8155555555555556 0.40389972144846814 0.9022222222222223 0.40389972144846814
0 0.4533333333333333 0.33983286908078003 0.35555555555555557 0.33983286908078003 0.35555555555555557 0.42896935933147634 0.4533333333333333 0.42896935933147634
1 0.6222222222222222 0.36768802228412273 0.5377777777777778 0.36768802228412273 0.5377777777777778 0.4735376044568247 0.6222222222222222 0.4735376044568247
1 0.7711111111111111 0.38440111420612827 0.6933333333333334 0.38440111420612827 0.6933333333333334 0.4763231197771589 0.7711111111111111 0.4763231197771589
4 0.46666666666666673 0.479108635097493 0.31555555555555553 0.479108635097493 0.31555555555555564 0.754874651810585 0.4666666666666668 0.754874651810585
2 0.3133333333333334 0.4373259052924791 0.09777777777777781 0.4373259052924791 0.09777777777777784 0.8245125348189415 0.31333333333333346 0.8245125348189415
2 0.6622222222222223 0.4818941504178274 0.5066666666666667 0.4818941504178273 0.5066666666666667 0.8050139275766016 0.6622222222222223 0.8050139275766016
3 0.32888888888888895 0.2924791086350975 0.05777777777777781 0.2924791086350975 0.05777777777777784 1 0.328888888888889 1
3 0.9733333333333334 0.3091922005571032 0.7755555555555556 0.3091922005571032 0.7755555555555556 1 0.9733333333333334 1
3 0.49555555555555564 0.33704735376044576 0.29777777777777775 0.33704735376044576 0.29777777777777786 1 0.4955555555555557 1
3 0.68 0.3621169916434541 0.4822222222222222 0.362116991643454 0.4822222222222223 0.9777158774373259 0.68 0.9777158774373259
3 0.8244444444444444 0.3955431754874653 0.6466666666666666 0.3955431754874653 0.6466666666666666 1 0.8244444444444444 1