0 0.85078125 0.43750000000000017 0.78671875 0.43750000000000017 0.78671875 0.5291666666666668 0.85078125 0.5291666666666668
1 0.21484375 0.45694444444444443 0.17031250000000003 0.45694444444444443 0.17031250000000003 0.5208333333333334 0.21484375 0.5208333333333334
0 0.4359375 0.4708333333333335 0.38671875 0.4708333333333335 0.38671875 0.5569444444444446 0.4359375 0.5569444444444446
1 0.746875 0.4833333333333335 0.68984375 0.4833333333333335 0.68984375 0.5597222222222223 0.746875 0.5597222222222223
2 0.23125000000000004 0.5305555555555556 0.16171875000000005 0.5305555555555556 0.16171875000000005 0.6972222222222222 0.2312500000000001 0.6972222222222222
2 0.4546875 0.5416666666666667 0.36171875 0.5416666666666666 0.36171875000000003 0.7333333333333333 0.4546875 0.7333333333333333
3 0.27812500000000007 0.45 0.15078125000000003 0.45 0.15078125000000003 0.8833333333333333 0.27812500000000007 0.8833333333333333
2 0.85 0.5666666666666669 0.76015625 0.5666666666666669 0.76015625 0.7777777777777781 0.85 0.7777777777777781
3 0.871875 0.4416666666666668 0.76015625 0.4416666666666668 0.76015625 0.9305555555555559 0.871875 0.9305555555555559
3 0.46875 0.46666666666666673 0.35703125 0.4666666666666667 0.35703125 0.925 0.46875 0.925
3 0.759375 0.47500000000000014 0.63515625 0.47500000000000014 0.63515625 0.9166666666666669 0.759375 0.916666666666667
2 0.75625 0.588888888888889 0.64609375 0.588888888888889 0.64609375 0.8222222222222224 0.75625 0.8222222222222225