0 0.776 0.14937759336099593 0.626 0.1493775933609959 0.626 0.28838174273858935 0.776 0.28838174273858935
2 0.974 0.25103734439834036 0.852 0.25103734439834036 0.852 0.5311203319502076 0.974 0.5311203319502077
2 0.632 0.23858921161825733 0.482 0.23858921161825733 0.48200000000000004 0.5622406639004149 0.632 0.5622406639004149
3 1 0.13900414937759348 0.85 0.13900414937759348 0.85 0.8112033195020748 1 0.8112033195020749
2 0.43400000000000005 0.2323651452282158 0.206 0.23236514522821577 0.20600000000000004 0.7448132780082988 0.4340000000000001 0.7448132780082988
3 0.47200000000000003 0.045643153526971 0.196 0.045643153526970986 0.19600000000000006 1 0.4720000000000001 1
2 0.774 0.3340248962655603 0.636 0.3340248962655603 0.636 0.7116182572614108 0.774 0.7116182572614108
3 0.6160000000000001 0.066390041493776 0.462 0.06639004149377599 0.4620000000000001 1 0.6160000000000002 1
3 0.7740000000000001 0.14937759336099593 0.624 0.1493775933609959 0.6240000000000001 1 0.7740000000000002 1
0 0.45 0.058091286307053985 0.27 0.05809128630705397 0.27 0.18049792531120337 0.45 0.18049792531120337
0 0.592 0.10788381742738597 0.49 0.10788381742738595 0.49 0.19502074688796686 0.592 0.19502074688796686
0 1 0.14937759336099596 0.898 0.14937759336099596 0.898 0.20539419087136943 1 0.20539419087136943