0 0.38133333333333336 0.2295454545454546 0.34933333333333333 0.2295454545454546 0.34933333333333333 0.2886363636363637 0.38133333333333336 0.2886363636363637
0 0.632 0.2522727272727274 0.5893333333333334 0.2522727272727274 0.5893333333333334 0.3022727272727274 0.632 0.3022727272727274
0 0.5373333333333333 0.27045454545454556 0.5093333333333333 0.27045454545454556 0.5093333333333333 0.3204545454545456 0.5373333333333333 0.3204545454545456
4 0.5266666666666666 0.27045454545454556 0.47333333333333333 0.27045454545454556 0.47333333333333333 0.3431818181818183 0.5266666666666666 0.3431818181818183
2 0.448 0.25909090909090915 0.3893333333333333 0.25909090909090915 0.3893333333333333 0.4022727272727274 0.448 0.4022727272727274
3 0.5426666666666666 0.265909090909091 0.45866666666666667 0.265909090909091 0.45866666666666667 0.4500000000000001 0.5426666666666666 0.4500000000000001
3 0.452 0.19545454545454552 0.37066666666666664 0.19545454545454552 0.37066666666666664 0.565909090909091 0.452 0.565909090909091
0 0.356 0.34772727272727283 0.31733333333333336 0.34772727272727283 0.31733333333333336 0.4181818181818183 0.356 0.4181818181818183
0 0.704 0.34545454545454557 0.6573333333333333 0.34545454545454557 0.6573333333333333 0.4204545454545456 0.704 0.4204545454545456
0 0.6186666666666667 0.3704545454545456 0.5706666666666667 0.3704545454545456 0.5706666666666667 0.4500000000000001 0.6186666666666667 0.4500000000000001
1 0.22533333333333333 0.4318181818181818 0.188 0.4318181818181818 0.188 0.4818181818181818 0.22533333333333333 0.4818181818181818
2 0.37333333333333335 0.40909090909090917 0.292 0.4090909090909091 0.29200000000000004 0.5863636363636363 0.37333333333333335 0.5863636363636363
0 0.11733333333333337 0.48863636363636365 0.06400000000000004 0.48863636363636365 0.06400000000000004 0.5681818181818182 0.11733333333333337 0.5681818181818182
3 0.37333333333333335 0.3363636363636364 0.2813333333333333 0.33636363636363636 0.2813333333333334 0.7340909090909091 0.37333333333333335 0.7340909090909091
2 0.6173333333333333 0.44090909090909103 0.5546666666666666 0.44090909090909103 0.5546666666666666 0.6295454545454545 0.6173333333333333 0.6295454545454545
2 0.264 0.48409090909090907 0.19733333333333333 0.48409090909090907 0.19733333333333336 0.6204545454545455 0.26400000000000007 0.6204545454545455
3 0.644 0.3750000000000001 0.5493333333333333 0.3750000000000001 0.5493333333333333 0.8295454545454547 0.644 0.8295454545454548
1 0.12533333333333338 0.5818181818181818 0.08266666666666671 0.5818181818181818 0.08266666666666671 0.6318181818181818 0.12533333333333338 0.6318181818181818
3 0.26533333333333337 0.42727272727272725 0.184 0.42727272727272725 0.18400000000000002 0.7977272727272727 0.2653333333333334 0.7977272727272727
0 0.7866666666666666 0.6250000000000002 0.7453333333333333 0.6250000000000002 0.7453333333333333 0.6750000000000003 0.7866666666666666 0.6750000000000003
0 0.8306666666666667 0.6136363636363639 0.7946666666666666 0.6136363636363639 0.7946666666666666 0.6886363636363639 0.8306666666666667 0.6886363636363639
3 0.15733333333333338 0.5727272727272728 0.06400000000000004 0.5727272727272728 0.06400000000000004 0.7909090909090909 0.15733333333333338 0.7909090909090909
2 0.1586666666666667 0.6227272727272727 0.07733333333333337 0.6227272727272727 0.07733333333333338 0.7545454545454545 0.1586666666666667 0.7545454545454545
2 0.924 0.6568181818181821 0.8413333333333334 0.6568181818181821 0.8413333333333334 0.772727272727273 0.924 0.772727272727273
0 0.5133333333333333 0.6931818181818182 0.468 0.6931818181818182 0.468 0.775 0.5133333333333333 0.775
3 0.9386666666666666 0.622727272727273 0.7986666666666666 0.622727272727273 0.7986666666666666 0.8454545454545457 0.9386666666666666 0.8454545454545457
3 0.7946666666666666 0.622727272727273 0.6853333333333333 0.622727272727273 0.6853333333333333 0.856818181818182 0.7946666666666666 0.856818181818182
2 0.78 0.6795454545454548 0.704 0.6795454545454548 0.704 0.8204545454545457 0.78 0.8204545454545457
2 0.47333333333333333 0.6977272727272728 0.4 0.6977272727272728 0.4 0.8045454545454546 0.47333333333333333 0.8045454545454546
3 0.5226666666666666 0.6818181818181818 0.37466666666666665 0.6818181818181818 0.37466666666666665 0.8886363636363637 0.5226666666666666 0.8886363636363637
0 0.428 0.20000000000000007 0.38133333333333336 0.20000000000000007 0.38133333333333336 0.25000000000000006 0.428 0.25000000000000006