0 0.19238281250000003 0.30453879941434847 0.1318359375 0.30453879941434847 0.13183593750000003 0.3689604685212299 0.19238281250000006 0.3689604685212299
0 0.8818359375 0.3426061493411422 0.8193359375 0.3426061493411422 0.8193359375 0.40117130307467075 0.8818359375 0.40117130307467075
0 0.7900390625 0.3426061493411422 0.7294921875 0.3426061493411422 0.7294921875 0.4187408491947293 0.7900390625 0.4187408491947293
0 0.2705078125 0.36896046852122993 0.22167968750000006 0.3689604685212299 0.22167968750000006 0.42752562225475843 0.2705078125 0.42752562225475843
0 0.6123046875 0.37188872620790636 0.5615234375 0.37188872620790636 0.5615234375 0.42459736456808217 0.6123046875 0.42459736456808217
0 0.4580078125 0.3777452415812592 0.4111328125 0.37774524158125916 0.4111328125 0.4392386530014642 0.4580078125 0.4392386530014643
0 0.7041015625 0.3865300146412886 0.6474609375 0.3865300146412886 0.6474609375 0.4363103953147879 0.7041015625 0.4363103953147879
0 0.3623046875 0.38945827232796487 0.3193359375 0.38945827232796487 0.3193359375 0.445095168374817 0.3623046875 0.445095168374817
0 0.5419921875 0.41288433382137646 0.4970703125 0.41288433382137646 0.4970703125 0.4597364568081993 0.5419921875 0.4597364568081993
4 0.20019531250000006 0.3923865300146413 0.10449218750000003 0.3923865300146413 0.10449218750000004 0.6295754026354319 0.20019531250000006 0.6295754026354319
4 0.9208984375 0.4070278184480236 0.8134765625 0.4070278184480236 0.8134765625 0.6295754026354321 0.9208984375 0.6295754026354321
4 0.8134765625 0.4363103953147879 0.7177734375 0.4363103953147879 0.7177734375 0.6530014641288435 0.8134765625 0.6530014641288435
4 0.2900390625 0.42752562225475843 0.20019531250000006 0.42752562225475843 0.20019531250000006 0.6705710102489019 0.2900390625 0.6705710102489019
4 0.7275390625 0.4480234260614936 0.6416015625 0.4480234260614936 0.6416015625 0.6852122986822842 0.7275390625 0.6852122986822842
4 0.6455078125 0.44216691068814074 0.5478515625 0.44216691068814074 0.5478515625 0.7027818448023427 0.6455078125 0.7027818448023427
4 0.38183593750000006 0.46266471449487556 0.29296875 0.46266471449487556 0.29296875000000006 0.6852122986822841 0.3818359375000001 0.6852122986822841
4 0.48144531250000006 0.45680819912152276 0.3896484375 0.4568081991215227 0.38964843750000006 0.7349926793557834 0.4814453125000001 0.7349926793557835
4 0.5615234375 0.48609077598828715 0.4853515625 0.48609077598828715 0.48535156250000006 0.7057101024890192 0.5615234375 0.7057101024890192
3 0.20214843750000003 0.28989751098096633 0.05761718750000003 0.28989751098096633 0.05761718750000005 0.9224011713030746 0.20214843750000006 0.9224011713030746
3 0.9169921875 0.3338213762811129 0.8095703125 0.3338213762811129 0.8095703125 0.9048316251830163 0.9169921875 0.9048316251830164
3 0.6474609375 0.36017569546120065 0.5478515625 0.36017569546120065 0.5478515625 0.9019033674963397 0.6474609375 0.9019033674963397
3 0.31152343750000006 0.37481698389458273 0.19238281250000006 0.37481698389458273 0.19238281250000006 0.8931185944363104 0.3115234375000001 0.8931185944363104
3 0.8173828125 0.35724743777452433 0.7197265625 0.35724743777452433 0.7197265625 0.9106881405563689 0.8173828125 0.9106881405563689
3 0.5498046875 0.3982430453879943 0.4736328125 0.3982430453879943 0.47363281250000006 0.8784773060029283 0.5498046875 0.8784773060029283
3 0.48339843750000006 0.37188872620790636 0.3681640625 0.37188872620790636 0.36816406250000006 0.9253294289897511 0.4833984375000001 0.9253294289897511
3 0.37792968750000006 0.38653001464128844 0.2998046875 0.38653001464128844 0.29980468750000006 0.9136163982430454 0.3779296875000001 0.9136163982430454
3 0.7314453125 0.3953147877013179 0.6337890625 0.3953147877013179 0.6337890625 0.9106881405563689 0.7314453125 0.9106881405563689