0 0.83828125 0.3652777777777779 0.73046875 0.3652777777777779 0.73046875 0.4777777777777779 0.83828125 0.4777777777777779
1 0.33359375 0.4513888888888889 0.29609375 0.4513888888888889 0.29609375 0.49444444444444446 0.33359375 0.49444444444444446
0 0.496875 0.45416666666666683 0.44921875 0.45416666666666683 0.44921875 0.5041666666666669 0.496875 0.5041666666666669
1 0.67265625 0.4722222222222224 0.63671875 0.4722222222222224 0.63671875 0.526388888888889 0.67265625 0.526388888888889
2 0.33828125 0.49583333333333335 0.3015625 0.49583333333333335 0.3015625 0.5944444444444444 0.33828125 0.5944444444444444
2 0.49375 0.5194444444444446 0.44765625 0.5194444444444446 0.44765625 0.6666666666666669 0.49375 0.6666666666666669
3 0.36484375 0.44305555555555565 0.28359375 0.44305555555555554 0.28359375000000003 0.7625 0.3648437500000001 0.7625
2 0.68984375 0.5444444444444446 0.61953125 0.5444444444444446 0.61953125 0.7444444444444445 0.68984375 0.7444444444444445
3 0.84921875 0.35416666666666685 0.68046875 0.35416666666666685 0.68046875 0.9500000000000002 0.84921875 0.9500000000000003
3 0.51015625 0.4638888888888891 0.42265625 0.4638888888888891 0.42265625 0.8486111111111111 0.51015625 0.8486111111111111
3 0.68828125 0.4708333333333335 0.59609375 0.4708333333333335 0.59609375 0.9680555555555556 0.68828125 0.9680555555555556
2 0.8359375 0.577777777777778 0.7125 0.577777777777778 0.7125 0.8736111111111112 0.8359375 0.8736111111111114