0 0.23866666666666667 0.25000000000000006 0.20066666666666666 0.25000000000000006 0.20066666666666666 0.295 0.23866666666666667 0.295
0 0.302 0.298 0.264 0.298 0.264 0.353 0.302 0.353
3 0.24533333333333338 0.25100000000000006 0.17133333333333334 0.25100000000000006 0.17133333333333337 0.538 0.2453333333333334 0.538
0 0.436 0.3830000000000001 0.406 0.3830000000000001 0.406 0.4430000000000001 0.436 0.4430000000000001
3 0.32733333333333337 0.31200000000000006 0.24533333333333332 0.312 0.24533333333333338 0.65 0.3273333333333334 0.65
0 0.4826666666666667 0.565 0.42733333333333334 0.565 0.42733333333333334 0.635 0.4826666666666667 0.635
3 0.432 0.4490000000000001 0.3606666666666667 0.4490000000000001 0.3606666666666667 0.825 0.432 0.825
0 0.636 0.6130000000000001 0.5826666666666667 0.613 0.5826666666666667 0.6800000000000002 0.636 0.6800000000000003
0 0.8226666666666667 0.6780000000000003 0.756 0.6780000000000003 0.756 0.7580000000000002 0.8226666666666667 0.7580000000000002
4 0.486 0.656 0.4166666666666667 0.656 0.4166666666666667 0.819 0.486 0.819
3 0.498 0.582 0.41 0.582 0.41 0.905 0.498 0.905
3 0.646 0.6310000000000001 0.552 0.631 0.552 0.8940000000000001 0.646 0.8940000000000002
4 0.6353333333333333 0.7020000000000001 0.5833333333333334 0.702 0.5833333333333334 0.8540000000000001 0.6353333333333333 0.8540000000000002
3 0.8666666666666667 0.6920000000000003 0.7566666666666667 0.6920000000000003 0.7566666666666667 0.9120000000000003 0.8666666666666667 0.9120000000000003