0 0.31886792452830187 0.4490690032858708 0.2880503144654088 0.44906900328587074 0.2880503144654088 0.48849945235487413 0.31886792452830187 0.4884994523548742
0 0.289308176100629 0.5104052573932092 0.2553459119496856 0.5104052573932092 0.2553459119496856 0.5531215772179627 0.289308176100629 0.5531215772179627
3 0.4289308176100629 0.4753559693318731 0.3559748427672956 0.4753559693318731 0.3559748427672956 0.6035049288061336 0.4289308176100629 0.6035049288061336
3 0.33962264150943394 0.4567360350492881 0.27861635220125786 0.45673603504928806 0.2786163522012579 0.6385542168674698 0.33962264150943394 0.6385542168674698
0 0.21509433962264157 0.5498357064622125 0.1672955974842768 0.5498357064622125 0.1672955974842768 0.6056955093099672 0.21509433962264157 0.6056955093099672
3 0.8572327044025158 0.4403066812705368 0.7522012578616353 0.4403066812705368 0.7522012578616353 0.7469879518072292 0.8572327044025158 0.7469879518072292
3 0.2943396226415095 0.5038335158817087 0.22830188679245284 0.5038335158817087 0.22830188679245286 0.6900328587075575 0.2943396226415095 0.6900328587075575
4 0.2924528301886793 0.56078860898138 0.24276729559748436 0.56078860898138 0.24276729559748436 0.6768893756845564 0.2924528301886793 0.6768893756845564
4 0.5327044025157233 0.56078860898138 0.4641509433962264 0.56078860898138 0.4641509433962264 0.6845564074479737 0.5327044025157233 0.6845564074479737
4 0.6421383647798742 0.5607886089813802 0.5792452830188679 0.56078860898138 0.5792452830188679 0.6900328587075576 0.6421383647798742 0.6900328587075577
4 0.7371069182389937 0.5750273822562981 0.6754716981132075 0.5750273822562981 0.6754716981132075 0.6856516976998908 0.7371069182389937 0.6856516976998908
4 0.9276729559748428 0.55750273822563 0.8603773584905661 0.5575027382256299 0.8603773584905661 0.7053669222343923 0.9276729559748428 0.7053669222343923
3 0.5484276729559748 0.4895947426067909 0.44654088050314467 0.4895947426067909 0.44654088050314467 0.7809419496166484 0.5484276729559748 0.7809419496166484
3 0.7654088050314466 0.5060240963855422 0.6654088050314465 0.5060240963855422 0.6654088050314465 0.7798466593647319 0.7654088050314466 0.7798466593647319
3 0.6421383647798742 0.5049288061336256 0.5547169811320755 0.5049288061336256 0.5547169811320755 0.7951807228915664 0.6421383647798742 0.7951807228915665
3 0.9553459119496855 0.5115005476451261 0.8509433962264151 0.5115005476451261 0.8509433962264151 0.8455640744797374 0.9553459119496855 0.8455640744797374
3 0.44654088050314467 0.5575027382256299 0.31635220125786173 0.5575027382256299 0.31635220125786173 0.8181818181818182 0.44654088050314467 0.8181818181818182
3 0.27295597484276735 0.5553121577217963 0.16100628930817618 0.5553121577217963 0.16100628930817618 0.8357064622124863 0.27295597484276735 0.8357064622124863