1 0.5623076923076923 0.23535564853556495 0.47 0.23535564853556493 0.47 0.33472803347280344 0.5623076923076923 0.33472803347280344
1 0.20846153846153845 0.24372384937238498 0.12769230769230774 0.24372384937238495 0.12769230769230774 0.34309623430962344 0.20846153846153845 0.34309623430962344
1 0.4153846153846154 0.26987447698744776 0.32846153846153847 0.2698744769874477 0.32846153846153847 0.3326359832635984 0.4153846153846154 0.33263598326359844
1 0.1907692307692308 0.36401673640167365 0.10461538461538467 0.36401673640167365 0.10461538461538467 0.46548117154811713 0.1907692307692308 0.46548117154811713
3 0.6169230769230769 0.21757322175732227 0.4492307692307692 0.21757322175732224 0.4492307692307692 0.6464435146443515 0.6169230769230769 0.6464435146443515
3 0.2584615384615385 0.2562761506276151 0.12384615384615388 0.25627615062761505 0.12384615384615391 0.7322175732217573 0.2584615384615386 0.7322175732217573
4 0.6084615384615385 0.36401673640167376 0.46615384615384614 0.36401673640167376 0.46615384615384614 0.6642259414225942 0.6084615384615385 0.6642259414225942
3 0.46692307692307694 0.2771966527196653 0.27615384615384614 0.27719665271966526 0.2761538461538462 0.7583682008368201 0.46692307692307694 0.7583682008368201
4 0.44 0.3744769874476988 0.28384615384615386 0.37447698744769875 0.2838461538461539 0.6935146443514645 0.44 0.6935146443514645
4 0.25307692307692314 0.4131799163179916 0.15692307692307697 0.4131799163179916 0.15692307692307697 0.6924686192468619 0.25307692307692314 0.6924686192468619
3 0.22000000000000006 0.3797071129707113 0.05076923076923081 0.3797071129707113 0.05076923076923082 0.8368200836820083 0.22000000000000008 0.8368200836820083
4 0.20307692307692315 0.4916317991631799 0.05307692307692312 0.4916317991631799 0.05307692307692313 0.8284518828451883 0.20307692307692315 0.8284518828451883