0 0.61375 0.202626641651032 0.5775 0.202626641651032 0.5775 0.25328330206378996 0.61375 0.25328330206378996
4 0.63125 0.2833020637898688 0.565 0.2833020637898688 0.565 0.41838649155722335 0.63125 0.41838649155722335
0 0.7575 0.34709193245778625 0.71 0.34709193245778625 0.71 0.4127579737335836 0.7575 0.4127579737335836
3 0.62875 0.19136960600375244 0.56 0.19136960600375244 0.56 0.577861163227017 0.62875 0.5778611632270171
3 0.77375 0.36585365853658547 0.6825 0.36585365853658547 0.6825 0.6754221388367732 0.77375 0.6754221388367732
2 0.75875 0.4333958724202628 0.6875 0.4333958724202628 0.6875 0.6153846153846156 0.75875 0.6153846153846156
2 0.8275 0.4502814258911821 0.78125 0.4502814258911821 0.78125 0.6135084427767357 0.8275 0.6135084427767357
0 0.4525 0.5084427767354597 0.39125 0.5084427767354597 0.39125 0.5816135084427767 0.4525 0.5816135084427767
0 0.27625000000000005 0.5722326454033771 0.20625000000000007 0.5722326454033771 0.20625000000000007 0.6697936210131332 0.27625000000000005 0.6697936210131332
0 0.52875 0.5834896810506567 0.46125 0.5834896810506567 0.46125 0.6716697936210131 0.52875 0.6716697936210131
0 0.68125 0.5834896810506569 0.62375 0.5834896810506569 0.62375 0.6772983114446531 0.68125 0.6772983114446531
0 0.87125 0.6153846153846156 0.8075 0.6153846153846156 0.8075 0.703564727954972 0.87125 0.703564727954972
2 0.44 0.5891181988742964 0.3775 0.5891181988742964 0.3775 0.8480300187617261 0.44 0.8480300187617261
0 0.8525 0.7073170731707319 0.78125 0.7073170731707319 0.78125 0.8123827392120078 0.8525 0.8123827392120078
2 0.69625 0.6754221388367732 0.595 0.6754221388367732 0.595 0.8667917448405256 0.69625 0.8667917448405256
3 0.70125 0.5853658536585367 0.57375 0.5853658536585366 0.5737500000000001 0.9812382739212008 0.70125 0.9812382739212008
2 0.27875000000000005 0.6697936210131332 0.18500000000000008 0.6697936210131332 0.18500000000000008 0.9099437148217636 0.27875000000000005 0.9099437148217636
2 0.545 0.6960600375234521 0.445 0.6960600375234521 0.44500000000000006 0.9118198874296435 0.5450000000000002 0.9118198874296435
0 0.16750000000000007 0.8217636022514071 0.08500000000000008 0.8217636022514071 0.08500000000000008 0.9305816135084428 0.16750000000000007 0.9305816135084428
2 0.87125 0.829268292682927 0.76875 0.829268292682927 0.76875 0.9962476547842402 0.87125 0.9962476547842402
0 0.40125000000000016 0.8836772983114447 0.3200000000000001 0.8836772983114447 0.3200000000000001 1 0.40125000000000016 1