1 0.49875 0.2401500938086305 0.39625 0.2401500938086305 0.39625 0.31707317073170743 0.49875 0.31707317073170743
1 0.71125 0.26454033771106955 0.6425 0.26454033771106955 0.6425 0.3058161350844279 0.71125 0.3058161350844279
1 0.2025 0.2551594746716698 0.11500000000000003 0.2551594746716698 0.11500000000000003 0.32645403377110693 0.2025 0.32645403377110693
1 0.5925 0.302063789868668 0.5325 0.302063789868668 0.5325 0.35459662288930593 0.5925 0.35459662288930593
1 0.3275 0.30581613508442784 0.24875 0.3058161350844278 0.24875 0.3564727954971858 0.3275 0.35647279549718586
4 0.98625 0.2607879924953097 0.7825 0.26078799249530965 0.7825 0.6435272045028144 0.98625 0.6435272045028144
3 0.99875 0.1088180112570358 0.78 0.10881801125703577 0.78 1 0.99875 1
4 0.76125 0.38086303939962485 0.5925 0.38086303939962485 0.5925 0.7992495309568483 0.76125 0.7992495309568483
4 0.24875000000000003 0.3827392120075047 0.04500000000000003 0.3827392120075047 0.045000000000000054 0.851782363977486 0.24875000000000008 0.851782363977486
4 0.51625 0.41088180112570366 0.315 0.41088180112570366 0.31500000000000006 0.8292682926829268 0.51625 0.8292682926829268
3 0.5125000000000001 0.24202626641651043 0.33625 0.24202626641651043 0.33625000000000005 1 0.5125000000000002 1
3 0.23375000000000004 0.2551594746716698 0.04250000000000002 0.2551594746716698 0.04250000000000005 0.9887429643527205 0.23375000000000007 0.9887429643527205
3 0.34875000000000006 0.28705440900562856 0.18125 0.2870544090056285 0.18125000000000002 0.9793621013133208 0.3487500000000001 0.9793621013133208
3 0.7775 0.2682926829268294 0.6025 0.2682926829268294 0.6025 1 0.7775 1
3 0.6150000000000001 0.2833020637898688 0.48625 0.2833020637898688 0.48625000000000007 1 0.6150000000000001 1
1 0.91625 0.11069418386491574 0.83875 0.11069418386491574 0.83875 0.17636022514071312 0.91625 0.17636022514071312