0 0.9953125 0.15625000000000014 0.77421875 0.1562500000000001 0.77421875 0.33958333333333346 0.9953125 0.33958333333333346
0 0.73828125 0.17291666666666677 0.6 0.17291666666666677 0.6 0.3260416666666668 0.73828125 0.3260416666666668
0 0.59296875 0.23541666666666675 0.44140625 0.23541666666666672 0.44140625 0.41041666666666676 0.59296875 0.41041666666666676
0 0.22109375 0.26979166666666665 0.08437500000000002 0.26979166666666665 0.08437500000000003 0.3802083333333333 0.22109375 0.3802083333333333
0 0.4328125 0.2697916666666667 0.3234375 0.26979166666666665 0.3234375 0.40312500000000007 0.4328125 0.4031250000000001
0 0.34296875 0.35 0.24296875 0.35 0.24296875 0.4510416666666667 0.34296875 0.4510416666666667
3 1 0.13125000000000014 0.78515625 0.13125000000000012 0.7851562500000001 1.0000000000000002 1 1.0000000000000002
3 0.82421875 0.17916666666666678 0.59765625 0.17916666666666678 0.5976562500000001 1.0000000000000002 0.82421875 1.0000000000000002
2 0.5859375 0.43020833333333347 0.396875 0.43020833333333347 0.39687500000000003 0.7625 0.5859375 0.7625
4 0.79765625 0.41562500000000013 0.6390625 0.41562500000000013 0.6390625 0.7947916666666668 0.79765625 0.7947916666666669
3 0.6218750000000001 0.24166666666666675 0.43046875 0.24166666666666672 0.43046875000000007 0.9916666666666667 0.6218750000000002 0.9916666666666667
3 0.23437500000000006 0.2833333333333333 0.0007812500000000261 0.2833333333333333 0.000781250000000059 1 0.23437500000000008 1
2 0.2015625000000001 0.49895833333333334 4.582857943684236e-17 0.49895833333333334 6.45331457831945e-17 0.90625 0.2015625000000001 0.90625