0 0.55625 0.22111111111111123 0.49166666666666664 0.22111111111111123 0.49166666666666664 0.30222222222222234 0.55625 0.30222222222222234
0 0.8916666666666667 0.22777777777777797 0.8305555555555556 0.22777777777777797 0.8305555555555556 0.3055555555555557 0.8916666666666667 0.3055555555555557
0 0.2659722222222222 0.2244444444444445 0.19791666666666666 0.2244444444444445 0.19791666666666666 0.31222222222222223 0.2659722222222222 0.31222222222222223
0 0.4166666666666667 0.2244444444444445 0.3402777777777778 0.2244444444444445 0.3402777777777778 0.3177777777777779 0.4166666666666667 0.3177777777777779
0 0.7256944444444444 0.2266666666666668 0.6479166666666667 0.2266666666666668 0.6479166666666667 0.3155555555555557 0.7256944444444444 0.3155555555555557
4 0.5708333333333333 0.3044444444444446 0.47430555555555554 0.3044444444444446 0.47430555555555554 0.5522222222222224 0.5708333333333333 0.5522222222222224
4 0.4388888888888889 0.3244444444444446 0.3284722222222222 0.3244444444444446 0.3284722222222223 0.548888888888889 0.4388888888888889 0.548888888888889
4 0.7652777777777777 0.3244444444444446 0.6375 0.3244444444444446 0.6375 0.5522222222222224 0.7652777777777777 0.5522222222222224
4 0.2694444444444445 0.3233333333333333 0.17222222222222225 0.3233333333333333 0.17222222222222225 0.5833333333333334 0.26944444444444454 0.5833333333333334
2 0.9180555555555555 0.33222222222222236 0.8111111111111111 0.33222222222222236 0.8111111111111111 0.6022222222222224 0.9180555555555555 0.6022222222222224
3 0.6013888888888889 0.2100000000000001 0.44513888888888886 0.21000000000000008 0.44513888888888886 0.8488888888888889 0.6013888888888889 0.8488888888888889
3 0.2916666666666667 0.22000000000000003 0.14027777777777778 0.22 0.1402777777777778 0.8433333333333334 0.29166666666666674 0.8433333333333334
3 0.9465277777777777 0.20888888888888904 0.7888888888888889 0.208888888888889 0.7888888888888889 0.8611111111111114 0.9465277777777777 0.8611111111111114
3 0.4548611111111111 0.21888888888888894 0.30069444444444443 0.21888888888888894 0.3006944444444445 0.8577777777777778 0.4548611111111111 0.8577777777777778
3 0.7638888888888888 0.22111111111111123 0.6201388888888889 0.22111111111111123 0.6201388888888889 0.8611111111111113 0.7638888888888888 0.8611111111111114