0 0.7631048387096774 0.3629032258064518 0.6791834677419355 0.3629032258064518 0.6791834677419355 0.5006720430107529 0.7631048387096774 0.5006720430107529
0 0.7200100806451613 0.4065860215053765 0.6035786290322581 0.4065860215053765 0.6035786290322581 0.5342741935483872 0.7200100806451613 0.5342741935483872
0 0.13508064516129037 0.41330645161290325 0.01638104838709681 0.41330645161290325 0.01638104838709682 0.5544354838709677 0.13508064516129037 0.5544354838709677
0 0.9672379032258065 0.42002688172043023 0.8329133064516129 0.42002688172043023 0.8329133064516129 0.5645161290322582 0.9672379032258065 0.5645161290322582
0 0.6897681451612904 0.5174731182795701 0.538054435483871 0.5174731182795701 0.538054435483871 0.7123655913978495 0.6897681451612904 0.7123655913978495
0 0.8639112903225806 0.5275537634408604 0.7195060483870968 0.5275537634408604 0.7195060483870968 0.7022849462365591 0.8639112903225806 0.7022849462365591
3 0.22076612903225815 0.3763440860215054 0.0012600806451613248 0.3763440860215054 0.0012600806451613534 1 0.22076612903225817 1
4 0.16784274193548393 0.5376344086021505 0.0012600806451613395 0.5376344086021505 0.0012600806451613536 0.8434139784946236 0.16784274193548393 0.8434139784946236
3 0.9924395161290323 0.4166666666666668 0.8278729838709677 0.4166666666666668 0.8278729838709677 0.9946236559139786 0.9924395161290323 0.9946236559139788
3 0.7300907258064516 0.493951612903226 0.49017137096774194 0.493951612903226 0.490171370967742 0.9979838709677419 0.7300907258064516 0.9979838709677419
3 0.873991935483871 0.5141129032258066 0.6993447580645161 0.5141129032258066 0.6993447580645161 0.9946236559139785 0.873991935483871 0.9946236559139785
4 0.9747983870967742 0.5880376344086023 0.8278729838709677 0.5880376344086023 0.8278729838709677 0.920698924731183 0.9747983870967742 0.9206989247311831
4 0.8613911290322581 0.7224462365591398 0.7069052419354839 0.7224462365591398 0.7069052419354839 0.9879032258064516 0.8613911290322581 0.9879032258064516
4 0.6897681451612904 0.7762096774193549 0.5078125000000001 0.7762096774193549 0.5078125000000001 1 0.6897681451612904 1