0 0.4822916666666667 0.18148148148148158 0.4114583333333333 0.18148148148148158 0.4114583333333333 0.25925925925925936 0.4822916666666667 0.25925925925925936
0 0.7104166666666667 0.20370370370370386 0.6479166666666667 0.20370370370370386 0.6479166666666667 0.30925925925925934 0.7104166666666667 0.30925925925925934
0 0.3802083333333333 0.2296296296296297 0.30625 0.22962962962962968 0.30625 0.3314814814814816 0.3802083333333333 0.3314814814814816
0 0.9104166666666667 0.23518518518518536 0.8375 0.23518518518518533 0.8375 0.33333333333333354 0.9104166666666667 0.33333333333333354
0 0.6364583333333333 0.24074074074074084 0.5604166666666667 0.24074074074074084 0.5604166666666667 0.3296296296296297 0.6364583333333333 0.3296296296296297
0 0.5354166666666667 0.2425925925925927 0.465625 0.2425925925925927 0.465625 0.34814814814814826 0.5354166666666667 0.34814814814814826
4 0.7552083333333334 0.3129629629629631 0.640625 0.31296296296296305 0.640625 0.5907407407407409 0.7552083333333334 0.5907407407407409
4 0.39895833333333336 0.3574074074074075 0.278125 0.3574074074074075 0.278125 0.5981481481481481 0.39895833333333336 0.5981481481481481
4 0.68125 0.3314814814814816 0.55 0.3314814814814816 0.55 0.6240740740740743 0.68125 0.6240740740740743
4 0.9364583333333333 0.3537037037037039 0.8010416666666667 0.3537037037037039 0.8010416666666667 0.6222222222222225 0.9364583333333333 0.6222222222222225
4 0.5427083333333333 0.36296296296296304 0.428125 0.36296296296296304 0.428125 0.6314814814814815 0.5427083333333333 0.6314814814814816
3 0.678125 0.23518518518518533 0.5427083333333333 0.2351851851851853 0.5427083333333333 0.9796296296296296 0.678125 0.9796296296296296
3 0.40416666666666673 0.23148148148148157 0.2604166666666667 0.23148148148148154 0.2604166666666667 1 0.4041666666666668 1
3 0.9354166666666667 0.23148148148148168 0.7916666666666666 0.23148148148148165 0.7916666666666666 1 0.9354166666666667 1
3 0.5604166666666667 0.24814814814814826 0.4125 0.24814814814814826 0.41250000000000003 1 0.5604166666666667 1