0 0.8501984126984127 0.21999007936507942 0.6759259259259259 0.21999007936507942 0.6759259259259259 0.295138888888889 0.8501984126984127 0.295138888888889
4 0.6825396825396826 0.2671130952380953 0.5006613756613757 0.26711309523809523 0.5006613756613757 0.42906746031746035 0.6825396825396826 0.4290674603174604
4 0.4950396825396826 0.2646329365079365 0.30886243386243395 0.2646329365079365 0.30886243386243395 0.46875 0.49503968253968267 0.46875
3 0.6868386243386243 0.1679067460317461 0.4775132275132275 0.1679067460317461 0.4775132275132276 0.6274801587301587 0.6868386243386243 0.6274801587301587
4 0.32275132275132284 0.29191468253968256 0.07407407407407413 0.29191468253968256 0.07407407407407415 0.5399305555555556 0.32275132275132284 0.5399305555555556
3 0.5036375661375662 0.177827380952381 0.30224867724867727 0.17782738095238096 0.30224867724867727 0.6788194444444444 0.5036375661375663 0.6788194444444444
4 0.8809523809523809 0.34647817460317465 0.546957671957672 0.3464781746031746 0.5469576719576721 0.6505456349206349 0.8809523809523809 0.6505456349206349
3 0.32275132275132284 0.1629464285714286 0.07076719576719578 0.16294642857142858 0.07076719576719584 0.8489583333333334 0.3227513227513229 0.8489583333333334
3 0.9054232804232806 0.2100694444444445 0.6197089947089947 0.2100694444444445 0.6197089947089948 0.9283234126984127 0.9054232804232807 0.9283234126984127
0 0.6494708994708994 0.18278769841269846 0.5271164021164021 0.18278769841269846 0.5271164021164021 0.23239087301587308 0.6494708994708994 0.23239087301587308
0 0.4398148148148148 0.18774801587301593 0.3353174603174603 0.18774801587301593 0.33531746031746035 0.23735119047619052 0.4398148148148148 0.23735119047619052
0 0.29431216931216936 0.18030753968253968 0.17989417989417988 0.18030753968253968 0.17989417989417994 0.24553571428571427 0.2943121693121694 0.24553571428571427