2 0.635 0.47547605308713226 0.5288461538461539 0.47547605308713226 0.5288461538461539 0.684939411425274 0.635 0.684939411425274
2 0.49038461538461536 0.4985574148874785 0.385 0.4985574148874785 0.38500000000000006 0.7143681477207156 0.49038461538461536 0.7143681477207156
3 0.2965384615384616 0.3139065204847086 0.20692307692307693 0.3139065204847086 0.20692307692307696 0.9128678592036931 0.29653846153846164 0.9128678592036931
3 0.36307692307692313 0.348528563185228 0.2915384615384615 0.3485285631852279 0.2915384615384616 0.9099826889786498 0.3630769230769232 0.9099826889786498
3 0.8173076923076923 0.3600692440854012 0.6492307692307693 0.3600692440854012 0.6492307692307693 0.8990190421234854 0.8173076923076923 0.8990190421234856
3 0.635 0.3831506058857474 0.5211538461538462 0.3831506058857474 0.5211538461538462 0.8990190421234853 0.635 0.8990190421234853
0 0.2957692307692308 0.31563762261973455 0.2326923076923077 0.31563762261973455 0.2326923076923077 0.37968840161569534 0.2957692307692308 0.37968840161569534
1 0.3526923076923077 0.346797461050202 0.2926923076923077 0.346797461050202 0.2926923076923077 0.4177726485862666 0.3526923076923077 0.4177726485862666
1 0.77 0.36295441431044445 0.7169230769230769 0.36295441431044445 0.7169230769230769 0.42065781881131 0.77 0.42065781881131
1 0.615 0.38892094633583396 0.556923076923077 0.38892094633583396 0.556923076923077 0.4495095210617428 0.615 0.4495095210617428
0 0.4411538461538462 0.42931332948643985 0.385 0.42931332948643985 0.385 0.4939411425274092 0.4411538461538462 0.4939411425274092
2 0.2996153846153847 0.4062319676860935 0.21076923076923076 0.4062319676860935 0.21076923076923082 0.6589728793998846 0.29961538461538473 0.6589728793998846
2 0.3653846153846154 0.4327755337564917 0.2826923076923077 0.43277553375649164 0.28269230769230774 0.6497403346797461 0.3653846153846155 0.6497403346797461
2 0.7876923076923077 0.44604731679169085 0.6784615384615384 0.44604731679169085 0.6784615384615384 0.6710905943450665 0.7876923076923077 0.6710905943450666