0 0.24800000000000003 0.24533333333333338 0.11000000000000003 0.24533333333333332 0.11000000000000003 0.36533333333333334 0.24800000000000005 0.36533333333333334
0 0.776 0.2986666666666668 0.654 0.29866666666666675 0.654 0.43733333333333346 0.776 0.43733333333333346
3 0.67 0.20266666666666674 0.504 0.20266666666666674 0.504 0.5520000000000002 0.67 0.5520000000000002
0 0.498 0.3013333333333334 0.366 0.3013333333333334 0.366 0.4586666666666667 0.498 0.45866666666666683
3 0.818 0.28533333333333344 0.632 0.2853333333333334 0.632 0.8853333333333333 0.818 0.8853333333333333
3 0.29600000000000004 0.24800000000000003 0.08800000000000002 0.248 0.08800000000000005 1 0.2960000000000001 1
3 0.548 0.29866666666666675 0.294 0.29866666666666675 0.29400000000000004 1 0.548 1
4 0.2700000000000001 0.43466666666666665 0.08600000000000003 0.43466666666666665 0.08600000000000006 0.8666666666666667 0.27000000000000013 0.8666666666666667
4 0.824 0.5066666666666668 0.65 0.5066666666666668 0.65 0.872 0.824 0.872
4 0.532 0.4880000000000001 0.312 0.488 0.31200000000000006 0.9786666666666667 0.532 0.9786666666666667
0 0.64 0.2213333333333334 0.552 0.2213333333333334 0.552 0.2960000000000001 0.64 0.2960000000000001