0 0.4571150097465887 0.13471502590673584 0.3664717348927875 0.13471502590673584 0.3664717348927875 0.2383419689119172 0.4571150097465887 0.2383419689119172
3 0.7241715399610137 0.10362694300518148 0.5633528265107213 0.10362694300518147 0.5633528265107213 0.5198618307426599 0.7241715399610137 0.5198618307426599
3 0.5155945419103314 0.1157167530224526 0.3401559454191033 0.1157167530224526 0.3401559454191033 0.5526770293609673 0.5155945419103314 0.5526770293609674
3 0.9434697855750487 0.06908462867012108 0.7553606237816765 0.06908462867012106 0.7553606237816765 0.6390328151986185 0.9434697855750487 0.6390328151986185
4 0.5077972709551657 0.2556131260794474 0.35185185185185186 0.2556131260794474 0.35185185185185186 0.5215889464594129 0.5077972709551657 0.521588946459413
4 0.6998050682261209 0.2711571675302247 0.5682261208576999 0.2711571675302246 0.5682261208576999 0.5371329879101902 0.6998050682261209 0.5371329879101902
4 0.9658869395711501 0.2538860103626945 0.783625730994152 0.2538860103626945 0.783625730994152 0.7012089810017273 0.9658869395711501 0.7012089810017273
3 0.30604288499025345 0.029360967184801412 0.025341130604288498 0.02936096718480138 0.025341130604288532 0.9896373056994818 0.3060428849902535 0.9896373056994818
4 0.23976608187134504 0.26252158894645944 0.03216374269005849 0.26252158894645944 0.03216374269005851 0.8756476683937824 0.23976608187134507 0.8756476683937824
0 0.19395711500974658 0.025906735751295363 0.049707602339181284 0.02590673575129535 0.04970760233918129 0.18825561312607947 0.19395711500974658 0.1882556131260795
0 0.6881091617933723 0.10362694300518148 0.5838206627680312 0.10362694300518147 0.5838206627680312 0.19516407599309168 0.6881091617933723 0.19516407599309168
0 0.8732943469785575 0.06563039723661504 0.7592592592592593 0.06563039723661503 0.7592592592592593 0.2469775474956824 0.8732943469785575 0.2469775474956824