0 0.3559027777777778 0.4363425925925926 0.3133680555555556 0.4363425925925926 0.3133680555555556 0.4837962962962963 0.3559027777777778 0.4837962962962963
0 0.21527777777777782 0.44212962962962965 0.15277777777777782 0.44212962962962965 0.15277777777777782 0.5127314814814815 0.21527777777777782 0.5127314814814815
0 0.5581597222222222 0.5092592592592594 0.5303819444444444 0.5092592592592594 0.5303819444444444 0.533564814814815 0.5581597222222222 0.533564814814815
0 0.6189236111111112 0.5208333333333335 0.5798611111111112 0.5208333333333335 0.5798611111111112 0.5555555555555557 0.6189236111111112 0.5555555555555557
0 0.6883680555555556 0.5405092592592594 0.6692708333333334 0.5405092592592594 0.6692708333333334 0.570601851851852 0.6883680555555556 0.570601851851852
3 0.7369791666666666 0.5115740740740742 0.7013888888888888 0.5115740740740742 0.7013888888888888 0.6574074074074074 0.7369791666666666 0.6574074074074074
2 0.6501736111111112 0.5497685185185186 0.6041666666666666 0.5497685185185186 0.6041666666666666 0.6400462962962963 0.6501736111111112 0.6400462962962963
2 0.578125 0.5520833333333335 0.5243055555555556 0.5520833333333335 0.5243055555555556 0.6412037037037037 0.578125 0.6412037037037037
3 0.7256944444444444 0.5254629629629631 0.6579861111111112 0.5254629629629631 0.6579861111111112 0.6875 0.7256944444444444 0.6875
3 0.5928819444444444 0.5057870370370372 0.5086805555555556 0.5057870370370372 0.5086805555555556 0.7905092592592593 0.5928819444444444 0.7905092592592593
4 0.2586805555555556 0.53125 0.1354166666666667 0.53125 0.1354166666666667 0.7708333333333334 0.25868055555555564 0.7708333333333334
3 0.6770833333333334 0.5138888888888891 0.578125 0.5138888888888891 0.578125 0.8032407407407407 0.6770833333333334 0.8032407407407407
3 0.40798611111111116 0.43055555555555564 0.2786458333333333 0.4305555555555556 0.27864583333333337 0.9143518518518519 0.4079861111111112 0.9143518518518519
3 0.27604166666666674 0.43287037037037035 0.11371527777777783 0.43287037037037035 0.11371527777777785 1 0.27604166666666674 1