0 0.7441441441441441 0.2980000000000002 0.6927927927927928 0.2980000000000002 0.6927927927927928 0.41000000000000025 0.7441441441441441 0.41000000000000025
0 0.8648648648648649 0.32600000000000023 0.8207207207207208 0.32600000000000023 0.8207207207207208 0.4140000000000002 0.8648648648648649 0.4140000000000002
0 0.4954954954954955 0.34600000000000014 0.46126126126126127 0.34600000000000014 0.46126126126126127 0.4160000000000001 0.4954954954954955 0.4160000000000001
0 0.4315315315315315 0.3520000000000001 0.4036036036036036 0.3520000000000001 0.4036036036036036 0.4160000000000001 0.4315315315315315 0.4160000000000001
0 0.6846846846846847 0.3580000000000002 0.6495495495495496 0.3580000000000002 0.6495495495495496 0.41000000000000025 0.6846846846846847 0.41000000000000025
0 0.3855855855855856 0.3640000000000001 0.35135135135135137 0.3640000000000001 0.35135135135135137 0.4380000000000001 0.3855855855855856 0.4380000000000001
0 0.5693693693693693 0.3780000000000001 0.5324324324324324 0.3780000000000001 0.5324324324324324 0.4500000000000001 0.5693693693693693 0.4500000000000001
0 0.6207207207207207 0.39600000000000013 0.590990990990991 0.39600000000000013 0.590990990990991 0.46200000000000013 0.6207207207207207 0.46200000000000013
4 0.69009009009009 0.39800000000000024 0.645045045045045 0.39800000000000024 0.645045045045045 0.6260000000000002 0.69009009009009 0.6260000000000002
4 0.44324324324324327 0.4260000000000001 0.4 0.4260000000000001 0.4 0.6100000000000001 0.44324324324324327 0.6100000000000002
4 0.5099099099099099 0.40800000000000014 0.45855855855855854 0.40800000000000014 0.45855855855855854 0.6280000000000002 0.5099099099099099 0.6280000000000002
4 0.8954954954954955 0.4180000000000002 0.8234234234234235 0.4180000000000002 0.8234234234234235 0.6640000000000003 0.8954954954954955 0.6640000000000003
4 0.5765765765765766 0.4420000000000001 0.5225225225225225 0.4420000000000001 0.5225225225225225 0.6500000000000002 0.5765765765765766 0.6500000000000002
4 0.3972972972972973 0.4360000000000001 0.34324324324324323 0.4360000000000001 0.34324324324324323 0.662 0.3972972972972973 0.662
3 0.5144144144144144 0.33800000000000013 0.45585585585585586 0.33800000000000013 0.45585585585585586 0.7600000000000002 0.5144144144144144 0.7600000000000002
4 0.6297297297297297 0.4580000000000002 0.5828828828828829 0.45800000000000013 0.5828828828828829 0.6600000000000003 0.6297297297297297 0.6600000000000003
4 0.7639639639639639 0.4220000000000002 0.69009009009009 0.4220000000000002 0.69009009009009 0.7040000000000002 0.7639639639639639 0.7040000000000002
3 0.44594594594594594 0.3500000000000001 0.3864864864864865 0.3500000000000001 0.3864864864864865 0.7920000000000001 0.44594594594594594 0.7920000000000003
3 0.5801801801801801 0.3680000000000001 0.5216216216216216 0.3680000000000001 0.5216216216216216 0.8200000000000002 0.5801801801801801 0.8200000000000002
3 0.6990990990990991 0.34600000000000025 0.6387387387387388 0.34600000000000025 0.6387387387387388 0.8420000000000002 0.6990990990990991 0.8420000000000002
3 0.4009009009009009 0.3580000000000001 0.3441441441441441 0.3580000000000001 0.3441441441441441 0.832 0.4009009009009009 0.832
3 0.6351351351351351 0.3980000000000002 0.5783783783783784 0.39800000000000013 0.5783783783783784 0.8140000000000003 0.6351351351351351 0.8140000000000003
3 0.8981981981981982 0.3180000000000002 0.818018018018018 0.3180000000000002 0.818018018018018 0.9160000000000003 0.8981981981981982 0.9160000000000003
3 0.7675675675675676 0.3020000000000002 0.6792792792792792 0.3020000000000002 0.6792792792792792 1.0000000000000002 0.7675675675675676 1.0000000000000002