0 0.8251633986928104 0.2818627450980394 0.7647058823529411 0.2818627450980394 0.7647058823529411 0.3700980392156864 0.8251633986928104 0.3700980392156864
0 0.9362745098039216 0.28431372549019623 0.8725490196078431 0.28431372549019623 0.8725490196078431 0.38235294117647073 0.9362745098039216 0.38235294117647073
0 0.4820261437908497 0.34068627450980404 0.43137254901960786 0.34068627450980404 0.43137254901960786 0.4240196078431374 0.4820261437908497 0.4240196078431374
3 0.8529411764705882 0.27450980392156876 0.7565359477124183 0.27450980392156876 0.7565359477124183 0.5269607843137256 0.8529411764705882 0.5269607843137256
0 0.5375816993464052 0.3651960784313727 0.4869281045751634 0.3651960784313727 0.4869281045751634 0.44117647058823545 0.5375816993464052 0.44117647058823545
4 0.8316993464052288 0.38235294117647073 0.7728758169934641 0.38235294117647073 0.7728758169934641 0.49754901960784326 0.8316993464052288 0.49754901960784326
4 0.49673202614379086 0.4117647058823531 0.4215686274509804 0.4117647058823531 0.4215686274509804 0.5490196078431374 0.49673202614379086 0.5490196078431374
4 0.9722222222222222 0.4215686274509805 0.8790849673202614 0.4215686274509805 0.8790849673202614 0.647058823529412 0.9722222222222222 0.647058823529412
3 0.9787581699346405 0.37500000000000017 0.8366013071895425 0.37500000000000017 0.8366013071895425 0.6960784313725493 0.9787581699346405 0.6960784313725493
4 0.5669934640522876 0.44117647058823545 0.4934640522875817 0.44117647058823545 0.4934640522875817 0.6813725490196079 0.5669934640522876 0.6813725490196079
3 0.49836601307189543 0.3333333333333335 0.40522875816993464 0.3333333333333335 0.4052287581699347 0.8186274509803921 0.49836601307189543 0.8186274509803921
3 0.5686274509803921 0.35294117647058837 0.48366013071895425 0.35294117647058837 0.48366013071895425 0.9044117647058824 0.5686274509803921 0.9044117647058824