0 0.8421052631578947 0.3084112149532712 0.7614035087719299 0.3084112149532712 0.7614035087719299 0.37383177570093473 0.8421052631578947 0.37383177570093473
0 0.2157894736842106 0.4439252336448598 0.18070175438596497 0.4439252336448598 0.18070175438596497 0.49065420560747663 0.2157894736842106 0.49065420560747663
0 0.4614035087719298 0.4462616822429908 0.4245614035087719 0.4462616822429908 0.4245614035087719 0.48831775700934593 0.4614035087719298 0.48831775700934593
0 0.5912280701754385 0.4392523364485983 0.5473684210526316 0.4392523364485983 0.5473684210526316 0.49532710280373843 0.5912280701754385 0.49532710280373843
4 0.8456140350877193 0.4112149532710282 0.7614035087719299 0.4112149532710282 0.7614035087719299 0.5303738317757011 0.8456140350877193 0.5303738317757011
4 0.6421052631578947 0.45560747663551415 0.5912280701754385 0.45560747663551415 0.5912280701754385 0.5373831775700936 0.6421052631578947 0.5373831775700936
0 0.3824561403508772 0.47897196261682246 0.3543859649122807 0.47897196261682246 0.3543859649122807 0.5280373831775701 0.3824561403508772 0.5280373831775701
4 0.48947368421052634 0.4929906542056076 0.45614035087719296 0.4929906542056076 0.45614035087719296 0.5490654205607478 0.48947368421052634 0.5490654205607478
4 0.28070175438596495 0.4953271028037383 0.20701754385964918 0.4953271028037383 0.20701754385964918 0.5514018691588785 0.280701754385965 0.5514018691588785
4 0.35438596491228075 0.5046728971962616 0.3105263157894737 0.5046728971962616 0.31052631578947376 0.5794392523364486 0.3543859649122808 0.5794392523364486
3 0.6771929824561403 0.43224299065420574 0.5456140350877193 0.43224299065420574 0.5456140350877193 0.6822429906542056 0.6771929824561403 0.6822429906542056
3 0.9 0.3014018691588786 0.6947368421052632 0.3014018691588786 0.6947368421052632 0.8271028037383179 0.9 0.827102803738318
3 0.5245614035087719 0.44392523364486 0.42280701754385963 0.44392523364486 0.4228070175438597 0.6915887850467289 0.5245614035087719 0.6915887850467289
3 0.2842105263157895 0.4322429906542056 0.17543859649122812 0.4322429906542056 0.17543859649122812 0.719626168224299 0.2842105263157896 0.719626168224299
3 0.4035087719298246 0.45794392523364486 0.2789473684210526 0.45794392523364486 0.27894736842105267 0.7336448598130841 0.40350877192982465 0.7336448598130841