2 0.74 0.30930930930930944 0.658 0.3093093093093094 0.658 0.5045045045045047 0.74 0.5045045045045047
2 0.916 0.3303303303303305 0.756 0.3303303303303305 0.756 0.6726726726726728 0.916 0.6726726726726728
3 0.75 0.1651651651651653 0.64 0.1651651651651653 0.64 0.8558558558558559 0.75 0.8558558558558559
2 0.4580000000000001 0.38738738738738737 0.334 0.38738738738738737 0.3340000000000001 0.7327327327327328 0.45800000000000013 0.7327327327327328
3 0.924 0.12012012012012027 0.738 0.12012012012012024 0.738 1 0.924 1
3 0.29800000000000004 0.12012012012012015 0.1 0.12012012012012012 0.10000000000000005 1 0.2980000000000001 1
2 0.28600000000000003 0.3423423423423424 0.10000000000000003 0.34234234234234234 0.10000000000000005 0.8498498498498499 0.2860000000000001 0.8498498498498499
3 0.4620000000000001 0.2162162162162163 0.326 0.2162162162162163 0.32600000000000007 1 0.46200000000000013 1
0 0.26 0.10510510510510512 0.098 0.10510510510510511 0.09800000000000002 0.23423423423423428 0.26 0.2342342342342343
0 0.848 0.12912912912912927 0.746 0.12912912912912924 0.746 0.2522522522522524 0.848 0.2522522522522524
0 0.742 0.16216216216216228 0.67 0.16216216216216228 0.67 0.24024024024024038 0.742 0.2402402402402404
0 0.446 0.22222222222222232 0.364 0.22222222222222232 0.364 0.3153153153153154 0.446 0.3153153153153154