3 0.13867187500000006 0.6320058997050148 0.039550781250000056 0.6320058997050148 0.03955078125000007 1 0.13867187500000006 1
3 0.26708984375000006 0.6511799410029498 0.09033203125000006 0.6511799410029498 0.09033203125000007 1 0.2670898437500001 1
0 0.4296875000000001 0.7912979351032449 0.3374023437500001 0.7912979351032449 0.3374023437500001 0.911504424778761 0.4296875000000001 0.911504424778761
0 0.4394531250000001 0.8311209439528023 0.2919921875000001 0.8311209439528023 0.2919921875000001 1 0.4394531250000001 1
0 0.5908203125 0.9513274336283186 0.4594726562500001 0.9513274336283186 0.4594726562500001 1 0.5908203125 1
0 0.29833984375 0.27802359882005906 0.21728515625 0.278023598820059 0.21728515625000003 0.36356932153392335 0.29833984375 0.3635693215339234
0 0.57470703125 0.25294985250737473 0.46142578125 0.25294985250737473 0.46142578125 0.3997050147492627 0.57470703125 0.3997050147492627
0 0.41552734375 0.2971976401179942 0.32958984375 0.2971976401179942 0.32958984375 0.39011799410029496 0.41552734375 0.39011799410029496
1 0.7861328125 0.267699115044248 0.69091796875 0.267699115044248 0.69091796875 0.4225663716814161 0.7861328125 0.4225663716814161
3 0.470703125 0.3045722713864308 0.44189453125 0.3045722713864308 0.44189453125 0.3879056047197641 0.470703125 0.38790560471976415
1 0.70654296875 0.3001474926253689 0.658203125 0.30014749262536883 0.658203125 0.44690265486725683 0.70654296875 0.44690265486725683
0 0.036132812500000035 0.37610619469026546 3.0496575564704597e-17 0.37610619469026546 3.3277145689721777e-17 0.4446902654867257 0.03613281250000004 0.4446902654867257
3 0.65283203125 0.3193215339233039 0.5361328125 0.3193215339233039 0.5361328125 0.5427728613569324 0.65283203125 0.5427728613569324
3 0.7109375 0.2780235988200591 0.64501953125 0.27802359882005906 0.64501953125 0.6025073746312686 0.7109375 0.6025073746312686
3 0.30761718750000006 0.2706489675516225 0.17138671875 0.27064896755162243 0.17138671875000003 0.700589970501475 0.3076171875000001 0.700589970501475
3 0.88525390625 0.27802359882005917 0.68408203125 0.27802359882005917 0.68408203125 0.7640117994100295 0.88525390625 0.7640117994100295
3 0.40869140625000006 0.2876106194690266 0.29345703125 0.2876106194690266 0.29345703125000006 0.7986725663716814 0.4086914062500001 0.7986725663716814
1 1 0.47418879056047214 0.90380859375 0.47418879056047214 0.90380859375 0.6408554572271388 1 0.6408554572271388
3 0.56201171875 0.24852507374631277 0.41259765625 0.24852507374631277 0.41259765625000006 0.9387905604719764 0.56201171875 0.9387905604719764
3 1 0.40781710914454294 0.8583984375 0.40781710914454294 0.8583984375 0.9041297935103246 1 0.9041297935103249
3 0.053710937500000056 0.3613569321533923 2.930063142491226e-17 0.3613569321533923 5.480414020598385e-17 0.9904129793510325 0.05371093750000008 0.9904129793510325
0 0.13720703125000006 0.6290560471976401 0.052734375000000056 0.6290560471976401 0.052734375000000056 0.7514749262536873 0.13720703125000006 0.7514749262536873
0 0.23291015625000006 0.6541297935103245 0.11962890625000006 0.6541297935103245 0.11962890625000006 0.7765486725663717 0.23291015625000006 0.7765486725663717