0 0.14269662921348317 0.12830188679245286 0.05730337078651687 0.12830188679245283 0.05730337078651687 0.2509433962264151 0.14269662921348317 0.2509433962264151
4 0.6921348314606741 0.21132075471698128 0.5820224719101124 0.21132075471698125 0.5820224719101124 0.5245283018867927 0.6921348314606741 0.5245283018867927
0 0.8460674157303371 0.4018867924528304 0.801123595505618 0.4018867924528304 0.801123595505618 0.4830188679245285 0.8460674157303371 0.4830188679245285
4 0.19550561797752813 0.27358490566037735 0.02921348314606743 0.27358490566037735 0.029213483146067448 0.6377358490566037 0.19550561797752816 0.6377358490566037
4 0.8460674157303371 0.22264150943396244 0.7033707865168539 0.22264150943396244 0.7033707865168539 0.7094339622641511 0.8460674157303371 0.7094339622641511
3 0.8393258426966292 0.10000000000000014 0.7067415730337079 0.10000000000000013 0.7067415730337079 0.837735849056604 0.8393258426966292 0.837735849056604
3 0.6921348314606741 0.09811320754716993 0.5764044943820225 0.09811320754716991 0.5764044943820225 0.8735849056603776 0.6921348314606741 0.8735849056603776
3 0.2112359550561798 0.12641509433962267 0.014606741573033715 0.12641509433962264 0.014606741573033748 0.9849056603773585 0.21123595505617984 0.9849056603773585
3 0.9168539325842696 0.4094339622641512 0.7853932584269663 0.4094339622641512 0.7853932584269663 0.8962264150943399 0.9168539325842696 0.8962264150943399
4 0.9044943820224719 0.528301886792453 0.7898876404494382 0.528301886792453 0.7898876404494382 0.7849056603773588 0.9044943820224719 0.7849056603773588
0 0.6674157303370787 0.10377358490566051 0.6112359550561798 0.10377358490566051 0.6112359550561798 0.19056603773584918 0.6674157303370787 0.1905660377358492
0 0.7910112359550562 0.1094339622641511 0.7235955056179775 0.1094339622641511 0.7235955056179775 0.19622641509433977 0.7910112359550562 0.19622641509433977