0 0.4306640625 0.40350877192982454 0.3662109375 0.40350877192982454 0.3662109375 0.4649122807017544 0.4306640625 0.4649122807017544
0 0.2900390625 0.3888888888888889 0.21191406250000006 0.3888888888888889 0.21191406250000006 0.4853801169590643 0.2900390625 0.4853801169590643
0 0.3525390625 0.4269005847953216 0.3115234375 0.4269005847953216 0.3115234375 0.47368421052631576 0.3525390625 0.47368421052631576
0 0.4619140625 0.42982456140350883 0.4365234375 0.4298245614035088 0.4365234375 0.47953216374269014 0.4619140625 0.4795321637426902
0 0.6787109375 0.4356725146198832 0.6455078125 0.4356725146198832 0.6455078125 0.48245614035087736 0.6787109375 0.48245614035087736
0 0.5830078125 0.4415204678362575 0.5380859375 0.4415204678362575 0.5380859375 0.497076023391813 0.5830078125 0.497076023391813
0 0.7412109375 0.44736842105263175 0.6865234375 0.44736842105263175 0.6865234375 0.5087719298245615 0.7412109375 0.5087719298245615
4 0.6787109375 0.4619883040935674 0.6455078125 0.4619883040935674 0.6455078125 0.5643274853801171 0.6787109375 0.5643274853801171
3 0.6904296875 0.4210526315789475 0.6416015625 0.4210526315789475 0.6416015625 0.6608187134502925 0.6904296875 0.6608187134502925
4 0.3642578125 0.4824561403508772 0.3056640625 0.4824561403508772 0.3056640625 0.6140350877192983 0.3642578125 0.6140350877192983
4 0.6044921875 0.5029239766081873 0.5302734375 0.5029239766081873 0.5302734375 0.6637426900584797 0.6044921875 0.6637426900584797
4 0.7451171875 0.5029239766081873 0.6748046875 0.5029239766081873 0.6748046875 0.6812865497076025 0.7451171875 0.6812865497076025
3 0.37207031250000006 0.41812865497076024 0.2939453125 0.41812865497076024 0.29394531250000006 0.7953216374269005 0.3720703125000001 0.7953216374269005
4 0.46972656250000006 0.4883040935672515 0.3505859375 0.48830409356725146 0.35058593750000006 0.7485380116959064 0.4697265625000001 0.7485380116959064
3 0.6181640625 0.4356725146198832 0.5283203125 0.4356725146198832 0.5283203125 0.8011695906432749 0.6181640625 0.8011695906432749
4 0.29980468750000006 0.49707602339181284 0.18066406250000006 0.49707602339181284 0.18066406250000006 0.7631578947368421 0.2998046875000001 0.7631578947368421
3 0.7705078125 0.4619883040935674 0.6650390625 0.4619883040935674 0.6650390625 0.8421052631578947 0.7705078125 0.8421052631578947
3 0.31542968750000006 0.38596491228070173 0.15722656250000006 0.38596491228070173 0.15722656250000006 1 0.3154296875000001 1
3 0.48925781250000006 0.3976608187134504 0.3310546875 0.39766081871345027 0.33105468750000006 1 0.4892578125000001 1