3 0.2760000000000001 0.09609609609609614 0.12 0.09609609609609614 0.12000000000000002 0.8408408408408409 0.27600000000000013 0.8408408408408409
3 0.42400000000000004 0.15615615615615622 0.28 0.1561561561561562 0.2800000000000001 0.8078078078078078 0.4240000000000001 0.8078078078078078
4 0.286 0.30630630630630634 0.142 0.3063063063063063 0.14200000000000002 0.6666666666666666 0.286 0.6666666666666666
3 0.742 0.20720720720720734 0.584 0.20720720720720728 0.584 0.7837837837837838 0.742 0.7837837837837838
3 0.93 0.10510510510510525 0.756 0.10510510510510523 0.756 0.894894894894895 0.93 0.8948948948948953
3 0.59 0.2102102102102103 0.424 0.2102102102102103 0.42400000000000004 0.7957957957957958 0.59 0.7957957957957958
4 0.896 0.3213213213213215 0.758 0.3213213213213215 0.758 0.7177177177177179 0.896 0.7177177177177179
4 0.41000000000000003 0.3723723723723725 0.24600000000000005 0.3723723723723725 0.24600000000000005 0.7417417417417418 0.4100000000000001 0.7417417417417418
2 0.574 0.39639639639639646 0.434 0.3963963963963964 0.43400000000000005 0.7417417417417418 0.574 0.7417417417417419
2 0.726 0.39939939939939956 0.608 0.39939939939939956 0.608 0.7567567567567569 0.726 0.7567567567567569
0 0.612 0.0930930930930932 0.526 0.0930930930930932 0.526 0.1771771771771773 0.612 0.1771771771771773
0 0.874 0.11111111111111126 0.774 0.11111111111111124 0.774 0.17717717717717732 0.874 0.17717717717717735
0 0.266 0.11411411411411415 0.182 0.11411411411411415 0.182 0.18018018018018023 0.266 0.18018018018018023
0 0.406 0.17417417417417425 0.322 0.17417417417417422 0.322 0.24624624624624633 0.406 0.24624624624624633
0 0.714 0.20420420420420432 0.63 0.2042042042042043 0.63 0.2672672672672674 0.714 0.26726726726726746
0 0.548 0.2132132132132133 0.466 0.2132132132132133 0.466 0.27927927927927937 0.548 0.27927927927927937