0 0.8578125 0.3574074074074076 0.8380208333333333 0.3574074074074076 0.8380208333333333 0.3953703703703706 0.8578125 0.3953703703703706
0 0.5432291666666667 0.3833333333333334 0.5223958333333333 0.3833333333333334 0.5223958333333333 0.4148148148148149 0.5432291666666667 0.4148148148148149
0 0.6479166666666667 0.39444444444444454 0.6234375 0.39444444444444454 0.6234375 0.42407407407407416 0.6479166666666667 0.42407407407407416
3 0.8567708333333334 0.36203703703703727 0.8244791666666667 0.36203703703703727 0.8244791666666667 0.5342592592592594 0.8567708333333334 0.5342592592592594
2 0.5494791666666666 0.4092592592592594 0.5213541666666667 0.4092592592592594 0.5213541666666667 0.5083333333333335 0.5494791666666666 0.5083333333333335
2 0.6453125 0.42407407407407416 0.6192708333333333 0.42407407407407416 0.6192708333333333 0.5055555555555558 0.6453125 0.5055555555555558
3 0.5505208333333333 0.3851851851851853 0.5151041666666667 0.3851851851851853 0.5151041666666667 0.5481481481481484 0.5505208333333333 0.5481481481481484
3 0.6536458333333334 0.388888888888889 0.6109375 0.388888888888889 0.6109375 0.5694444444444446 0.6536458333333334 0.5694444444444446
2 0.6046875 0.5129629629629632 0.5692708333333333 0.5129629629629632 0.5692708333333333 0.6046296296296299 0.6046875 0.6046296296296299
3 0.6052083333333333 0.47592592592592614 0.5682291666666667 0.47592592592592614 0.5682291666666667 0.6666666666666669 0.6052083333333333 0.6666666666666669
0 0.6671875 0.5685185185185188 0.6401041666666667 0.5685185185185188 0.6401041666666667 0.603703703703704 0.6671875 0.603703703703704
2 0.6697916666666667 0.6018518518518521 0.6359375 0.6018518518518521 0.6359375 0.6962962962962965 0.6697916666666667 0.6962962962962965
3 0.671875 0.5722222222222224 0.6348958333333333 0.5722222222222224 0.6348958333333333 0.7648148148148151 0.671875 0.7648148148148151