0 0.1585714285714286 0.3948497854077253 0.10714285714285718 0.3948497854077253 0.10714285714285718 0.463519313304721 0.1585714285714286 0.463519313304721
0 0.66 0.4184549356223177 0.6257142857142857 0.4184549356223177 0.6257142857142857 0.4549356223175967 0.66 0.4549356223175967
0 0.32142857142857145 0.4248927038626609 0.28285714285714286 0.4248927038626609 0.28285714285714286 0.48283261802575106 0.32142857142857145 0.48283261802575106
0 0.7685714285714286 0.42274678111587993 0.7114285714285714 0.42274678111587993 0.7114285714285714 0.48497854077253233 0.7685714285714286 0.48497854077253233
0 0.4014285714285714 0.43776824034334777 0.35 0.43776824034334777 0.35 0.48497854077253233 0.4014285714285714 0.48497854077253233
3 0.15571428571428575 0.37339055793991416 0.017142857142857175 0.37339055793991416 0.017142857142857185 0.6931330472103004 0.15571428571428575 0.6931330472103004
3 0.3942857142857143 0.4399141630901288 0.31285714285714283 0.43991416309012876 0.3128571428571429 0.7188841201716738 0.3942857142857143 0.7188841201716738
3 0.6957142857142857 0.40772532188841215 0.6214285714285714 0.40772532188841215 0.6214285714285714 0.7510729613733906 0.6957142857142857 0.7510729613733909
3 0.32571428571428573 0.4291845493562232 0.18428571428571427 0.4291845493562232 0.18428571428571433 0.776824034334764 0.3257142857142858 0.776824034334764
3 0.63 0.47854077253218896 0.5328571428571428 0.47854077253218896 0.5328571428571428 0.7381974248927039 0.63 0.7381974248927039
3 0.8657142857142858 0.42274678111587993 0.7071428571428572 0.42274678111587993 0.7071428571428572 0.86480686695279 0.8657142857142858 0.86480686695279