0 0.214 0.16113173652694615 0.202 0.16113173652694615 0.202 0.17664670658682638 0.214 0.17664670658682638
0 0.5164705882352941 0.11993659739344849 0.508 0.11676646706586835 0.5035294117647059 0.14353645649876726 0.5120000000000001 0.14670658682634738
0 0.35847671266770087 0.1598631425817147 0.3521594125092449 0.15640837365166663 0.34834 0.172059880239521 0.354657300158456 0.17551464916956908
0 0.824 0.12574850299401213 0.782 0.1257485029940121 0.782 0.17664670658682646 0.824 0.1766467065868265
0 0.07846153846153846 0.16513127590971902 0.07576923076923077 0.14497927222478119 0.05730769230769231 0.15050667894979272 0.06 0.17065868263473055
0 0.10369230769230771 0.14900967296176879 0.08253846153846153 0.14267618608935975 0.07738461538461539 0.1812528788576693 0.09853846153846155 0.18758636573007834
0 0.344 0.14071856287425155 0.32 0.14071856287425155 0.32 0.16467065868263478 0.344 0.16467065868263478
0 0.194 0.15568862275449105 0.18 0.15568862275449105 0.18 0.17065868263473058 0.194 0.17065868263473058
0 0.29195 0.16036227544910184 0.27595 0.16036227544910184 0.27595 0.17533233532934137 0.29195 0.17533233532934137
0 0.24560848037401273 0.15652911186384602 0.2309305591741932 0.15551549774154225 0.23049400000000003 0.16968263473053896 0.24517192119981954 0.17069624885284274
0 0.11800000000000001 0.16167664670658685 0.10800000000000001 0.16167664670658682 0.10800000000000003 0.17664670658682638 0.11800000000000002 0.17664670658682638
0 0.14354314720812186 0.11735919024894374 0.11554314720812181 0.11436517827289584 0.11399999999999999 0.14670658682634732 0.14200000000000002 0.14970059880239525
0 0.23 0.15568862275449105 0.214 0.15568862275449105 0.214 0.17664670658682638 0.23 0.17664670658682638
0 0.6701099172580818 0.17467960791676193 0.6693539967590768 0.1470269908600776 0.6372440795009949 0.148994089530142 0.6379999999999999 0.17664670658682635
0 0.3107624481677195 0.17040329819203862 0.3002324481677195 0.16984341795251767 0.3 0.1796407185628743 0.31053 0.18020059880239528
0 0.446 0.14670658682634738 0.418 0.14670658682634738 0.418 0.17964071856287434 0.446 0.17964071856287434
0 0.916 0.08682634730538939 0.878 0.08682634730538939 0.878 0.13173652694610796 0.916 0.13173652694610796
0 0.508 0.02694610778443123 0.436 0.026946107784431222 0.436 0.10479041916167674 0.508 0.10479041916167674
0 0.376 0.13473053892215578 0.356 0.13473053892215578 0.356 0.1616766467065869 0.376 0.1616766467065869