0 0.643816072472552 0.3299003081676497 0.640329752256722 0.2985203125125721 0.6122031934693178 0.30555265000040227 0.6156895136851479 0.33693264565547987
0 0.7651582384160116 0.3564071905377564 0.7635823824699636 0.31464286385886164 0.7281057291803845 0.3176553314496123 0.7296815851264326 0.359419658128507
0 0.36661826433067357 0.46326972874901 0.36266989182489784 0.4201153757576098 0.31893929238730356 0.4291196279216074 0.32288766489307924 0.4722739809130076
0 0.47033141496328634 0.3694551949985116 0.4312363564199246 0.3694551949985116 0.4312363564199246 0.4102411431973803 0.47033141496328634 0.4102411431973803
0 0.5645961500297678 0.30663888061923206 0.5322484619964278 0.30663888061923206 0.5322484619964278 0.33938672223876165 0.5645961500297678 0.33938672223876165
0 0.48204973022505004 0.2905680222021975 0.4499220176582389 0.2889878139666848 0.4488967796156422 0.33589710903892384 0.48102449218245336 0.3374773172744366
0 0.8699337293878582 0.34157901078558833 0.8304213346277124 0.34127347226130317 0.8303030448111975 0.37569922479813234 0.8698154395713433 0.3760047633224175
0 0.26705997381115965 0.4858864362771082 0.26329379761817656 0.444077732022964 0.22009075267433387 0.45283597504381257 0.22385692886731698 0.49464467929795675
0 0.3324103072615177 0.32851031519012813 0.33163566137512523 0.29364779103235833 0.29602001172210807 0.29542875023253246 0.29679465760850055 0.33029127439030226
0 0.40258765137085367 0.3569330587466202 0.39278370974440596 0.32384147221037196 0.3637831102963892 0.34317712377579246 0.3735870519228369 0.3762687103120406
0 0.30192355712187186 0.40319681380917455 0.30076316510420303 0.36402969681505637 0.26200045754499823 0.36661413376243934 0.26316084956266705 0.40578125075655747
0 0.19420090175611127 0.4135735726624735 0.19316642292032973 0.3701211499479486 0.147134642779947 0.3725873828842752 0.14816912161572854 0.41603980559880016
0 0.5841389983343886 0.35876796973851793 0.5469788736727094 0.35805783319814555 0.5466299142194876 0.3991518864150576 0.5837900388811669 0.39986202295543
0 0.72216709664616 0.26228044060732375 0.6937884500893035 0.26228044060732375 0.6937884500893035 0.2932420363203336 0.72216709664616 0.2932420363203336
0 0.6771950597420656 0.1865198375195559 0.6742222743140417 0.16124865382194684 0.6533122183878499 0.16678421789802414 0.6562850038158738 0.19205540159563317
0 0.8055369727993216 0.26361012781853504 0.7738172001258294 0.26246810268366116 0.7732359338238878 0.29880085170971304 0.8049557064973799 0.299942876844587