0 0.9149044585987259 0.6782082595022588 0.8965711252653925 0.6631706655172964 0.8916666666666663 0.6766917293233082 0.9099999999999998 0.6917293233082706
0 0.8538218390804598 0.669129720853859 0.815 0.6441102756892232 0.8019827586206897 0.6897848068446982 0.8408045977011495 0.714804252009334
0 0.9383333333333334 0.6741854636591481 0.9166666666666666 0.6741854636591481 0.9166666666666666 0.7017543859649126 0.9383333333333334 0.7017543859649126
0 0.016666666666666722 0.6791979949874687 5.5313213761488785e-17 0.6791979949874687 5.64358066607072e-17 0.706766917293233 0.016666666666666725 0.706766917293233
0 0.2426775956284153 0.728501581823411 0.2405327868852459 0.6930235424627141 0.21333333333333335 0.6967418546365914 0.21547814207650276 0.7322198939972884
0 0.09666666666666672 0.6867167919799498 0.08666666666666671 0.6867167919799498 0.08666666666666671 0.7142857142857143 0.09666666666666672 0.7142857142857143
0 0.29666666666666675 0.6867167919799498 0.26166666666666677 0.6867167919799498 0.26166666666666677 0.731829573934837 0.29666666666666675 0.731829573934837
0 0.8866666666666667 0.6741854636591481 0.8666666666666667 0.6741854636591481 0.8666666666666667 0.6992481203007521 0.8866666666666667 0.6992481203007521
0 0.26290804597701156 0.6994036816178377 0.2429080459770116 0.6968974159536774 0.24166666666666675 0.7192982456140352 0.2616666666666667 0.7218045112781957
0 0.011666666666666721 0.6616541353383458 5.459883646198616e-17 0.6616541353383458 5.5313213761488785e-17 0.6791979949874687 0.011666666666666723 0.6791979949874687
0 1.0007692307692309 0.6909581646423751 0.986923076923077 0.6597262386736071 0.9603846153846155 0.686331212647002 0.9742307692307692 0.71756313861577
0 0.9066666666666666 0.6791979949874689 0.8866666666666667 0.6791979949874689 0.8866666666666667 0.7042606516290729 0.9066666666666666 0.7042606516290729
0 0.7232068965517243 0.6915046236280359 0.7032068965517243 0.6889983579638754 0.7016666666666668 0.7167919799498749 0.7216666666666668 0.7192982456140352
0 0.19333333333333338 0.5864661654135338 0.09000000000000005 0.5864661654135338 0.09000000000000005 0.6867167919799498 0.19333333333333338 0.6867167919799498
0 0.20100000000000004 0.5984962406015039 0.09973333333333341 0.5767418546365916 0.08786666666666673 0.701654135338346 0.18913333333333338 0.7234085213032583
0 0.5940037453183521 0.6949283320661206 0.5590037453183521 0.6899158007377998 0.5566666666666668 0.7268170426065165 0.5916666666666668 0.7318295739348373
0 0.6466666666666666 0.6867167919799498 0.6216666666666667 0.6867167919799498 0.6216666666666667 0.7192982456140351 0.6466666666666666 0.7192982456140351
0 0.37181609195402304 0.5612133782732696 0.3520919540229886 0.5587416817906837 0.35166666666666674 0.5664160401002508 0.37139080459770124 0.5688877365828365
0 0.6554810996563574 0.21215409658166046 0.27873610268849813 0.14257976657836227 0.24602840105114215 0.5430822356072109 0.6227733980190013 0.6126565656105091
0 0.21666666666666676 0.6942355889724311 0.18166666666666673 0.6942355889724311 0.18166666666666673 0.7468671679197995 0.21666666666666676 0.7468671679197995
0 0.8669999999999999 0.6626566416040102 0.8434999999999999 0.6508771929824563 0.8381666666666666 0.6749373433583962 0.8616666666666665 0.6867167919799501
0 0.7666666666666667 0.6591478696741855 0.7316666666666667 0.6591478696741855 0.7316666666666667 0.7117794486215538 0.7666666666666667 0.7117794486215538
0 0.9993033333333333 0.6466165413533838 0.99597 0.6466165413533838 0.99597 0.6850977443609025 0.9993033333333333 0.6850977443609025