2 0.7883522727272727 0.062499999999999854 0.7704545454545454 0.020312499999999883 0.7354458041958041 0.07023237179487163 0.7533435314685314 0.1124198717948716
2 0.479105334432407 0.4414129965457687 0.4375073598681112 0.39692627374784123 0.4253488577484692 0.43513870898100193 0.46694683231276507 0.4796254317789294
2 0.41920552507836994 0.4243444683908047 0.40517241379310354 0.3643139367816093 0.38014302507836994 0.3839798850574714 0.39417613636363635 0.4440104166666668
2 0.5135519041769042 0.30011261261261263 0.5117475429975431 0.2802646396396396 0.4967751842751843 0.28483952702702703 0.49857954545454547 0.30468750000000006
2 0.5212954545454545 0.2592291666666668 0.5056704545454546 0.2540208333333335 0.5042613636363638 0.2682291666666668 0.5198863636363636 0.27343750000000006
2 0.5465767830236061 0.4297162753222836 0.5292331115017578 0.40109921731123394 0.5002040431943745 0.4602325046040516 0.5175477147162229 0.4888495626151013
2 0.625 0.08593750000000015 0.6150568181818182 0.08593750000000015 0.6150568181818182 0.09895833333333348 0.625 0.09895833333333348
0 0.6030741763969975 0.43911267201834864 0.5815914303586321 0.3659690366972476 0.5532149186822353 0.39398174694189597 0.5746976647206006 0.467125382262997
0 0.47423850188273264 0.37623274161735715 0.4465186256051641 0.355306952662722 0.4356340774610006 0.40376910749506917 0.4633539537385692 0.4246948964497043
0 0.848617908095554 0.09687690085158152 0.8270622511612475 0.012193962895377183 0.7917582531519575 0.04239849452554748 0.813313910086264 0.12708143248175183
0 0.19516555642633227 0.059222341954023004 0.17129702194357366 0.007507183908046 0.1423246473354232 0.05245150862068968 0.16619318181818177 0.10416666666666669