1 0.14612070489253393 0.1456817949852006 0.09621394230769231 0.14363794100636207 0.09553786057692308 0.20480046269519955 0.1454446231617647 0.20684431667403805
1 0.23020254114768687 0.12377384742996288 0.1823426379003559 0.10883525539828225 0.17701290035587192 0.1720975035453403 0.2248728036032029 0.18703609557702092
1 0.279296875 0.1221804511278196 0.236328125 0.1221804511278196 0.236328125 0.17857142857142863 0.279296875 0.17857142857142863
1 0.3505859375 0.13157894736842113 0.3037109375 0.1315789473684211 0.3037109375 0.19924812030075195 0.3505859375 0.19924812030075198
1 0.4073648368362831 0.17316521391975512 0.4056018390486725 0.12226362366092221 0.36347137721238937 0.12766983831259565 0.365234375 0.17857142857142855
1 0.4541015625 0.08458646616541364 0.4091796875 0.08458646616541364 0.4091796875 0.13909774436090236 0.4541015625 0.13909774436090236
1 0.4925975483425415 0.15981597640510128 0.4491836800759669 0.15541789556764854 0.44758125431629836 0.21402089477838254 0.490995122582873 0.21841897561583531
1 0.53515625 0.13533834586466176 0.5009765625 0.13533834586466176 0.5009765625 0.18421052631578957 0.53515625 0.18421052631578957
1 0.5751953125 0.1372180451127821 0.5322265625 0.13721804511278207 0.5322265625 0.2030075187969926 0.5751953125 0.20300751879699264
1 0.6440933607651247 0.2082051213442859 0.6350401745996442 0.15244294009043957 0.5962835020017794 0.1757552243598319 0.6053366881672597 0.23151740561367823
1 0.6959380278716216 0.18506909164803917 0.6509950380067568 0.18305730542572662 0.6503695101351352 0.2348303190408455 0.6953125 0.23684210526315805